1 0 5142
2 5143 12978
3 12979 18308
4 18309 29325
5 29326 31167
6 31168 38446
7 38447 42146
8 42147 50084
9 50085 50572
10 50573 55799
11 55800 58307
12 58308 61384
13 61385 65276
14 65277 66038
15 66039 66922
16 66923 72607
17 72608 74104
18 74105 76255
19 76256 78886
20 78887 82565
21 82566 85848
22 85849 87941
23 87942 92781
24 92782 102934
25 102935 103532
26 103533 106707
27 106708 110173
28 110174 115500
29 115501 119276
30 119277 125537
31 125538 135406
32 135407 137494
33 137495 139138
34 139139 142274
35 142275 147867
36 147868 151542
37 151543 153537
38 153538 157944
39 157945 159321
40 159322 168787
41 168788 173376
42 173377 175968
43 175969 179554
44 179555 181344
45 181345 182840
46 182841 184358
47 184359 189087
48 189088 191991
49 191992 200563
50 200564 208351
51 208352 213670
52 213671 216724
53 216725 223861
54 223862 225057
55 225058 227871
56 227872 230458
57 230459 232413
58 232414 234741
59 234742 235278
60 235279 241160
61 241161 241688
62 241689 243774
63 243775 250410
64 250411 256303
65 256304 258834
66 258835 261919
67 261920 270871
68 270872 274498
69 274499 278402
70 278403 281447
71 281448 290408
72 290409 294451
73 294452 297841
74 297842 301482
75 301483 302949
76 302950 307434
77 307435 308467
78 308468 310254
79 310255 315861
80 315862 317965
81 317966 319772
82 319773 335637
83 335638 341581
84 341582 343846
85 343847 346475
86 346476 351889
87 351890 355822
88 355823 369602
89 369603 373439
90 373440 375287
91 375288 378917
92 378918 385514
93 385515 388474
94 388475 389030
95 389031 393731
96 393732 398298
97 398299 401019
98 401020 405767
99 405768 407936
100 407937 408686
101 408687 412378
102 412379 414389
103 414390 417622
104 417623 420494
105 420495 428082
106 428083 428497
107 428498 429008
108 429009 440285
109 440286 444793
110 444794 448487
111 448488 457530
112 457531 460954
113 460955 463022
114 463023 465040
115 465041 472188
116 472189 478669
117 478670 482376
118 482377 484639
119 484640 499625
120 499626 506056
121 506057 507401
122 507402 509393
123 509394 512347
124 512348 514948
125 514949 517101
126 517102 518706
127 518707 519463
128 519464 520870
129 520871 521621
130 521622 522022
131 522023 526026
132 526027 529967
133 529968 533046
134 533047 537227
135 537228 544851
136 544852 550305
137 550306 551666
138 551667 557009
139 557010 558198
140 558199 559143
141 559144 561018
142 561019 563442
143 563443 568955
144 568956 571470
145 571471 579587
146 579588 582074
147 582075 583006
148 583007 583869
149 583870 585528
150 585529 587783
151 587784 595086
152 595087 596743
153 596744 601528
154 601529 604001
155 604002 607643
156 607644 610352
157 610353 617331
158 617332 619651
159 619652 622690
160 622691 627311
161 627312 629850
162 629851 632751
163 632752 634673
164 634674 635964
165 635965 640718
166 640719 642369
167 642370 643378
168 643379 644997
169 644998 646814
170 646815 651440
171 651441 653130
172 653131 655833
173 655834 665199
174 665200 667093
175 667094 669738
176 669739 678845
177 678846 682413
178 682414 688588
179 688589 691974
180 691975 694947
181 694948 702846
182 702847 704597
183 704598 706815
184 706816 708479
185 708480 709459
186 709460 711864
187 711865 713548
188 713549 715334
189 715335 730250
190 730251 737654
191 737655 740814
192 740815 742506
193 742507 743934
194 743935 751639
195 751640 753648
196 753649 755779
197 755780 757580
198 757581 759283
199 759284 761377
200 761378 762551
201 762552 763229
202 763230 763898
203 763899 764590
204 764591 765263
205 765264 765975
206 765976 766665
207 766666 767366
208 767367 768013
209 768014 768655
210 768656 769320
211 769321 769970
212 769971 770698
213 770699 771394
214 771395 772067
215 772068 772709
216 772710 773394
217 773395 774032
218 774033 774702
219 774703 775357
220 775358 776000
221 776001 776663
222 776664 777319
223 777320 777985
224 777986 778645
225 778646 779323
226 779324 780035
227 780036 780697
228 780698 781392
229 781393 782067
230 782068 782738
231 782739 783428
232 783429 784100
233 784101 784778
234 784779 785488
235 785489 786153
236 786154 786851
237 786852 787558
238 787559 788242
239 788243 788950
240 788951 789619
241 789620 790304
242 790305 791021
243 791022 791718
244 791719 792391
245 792392 793039
246 793040 793720
247 793721 794381
248 794382 795052
249 795053 795700
250 795701 796375
251 796376 797038
252 797039 797699
253 797700 798362
254 798363 799019
255 799020 799688
256 799689 800399
257 800400 801066
258 801067 801763
259 801764 802440
260 802441 803082
261 803083 803762
262 803763 804435
263 804436 805128
264 805129 805803
265 805804 806515
266 806516 807162
267 807163 807828
268 807829 808526
269 808527 809199
270 809200 809879
271 809880 810551
272 810552 811226
273 811227 811919
274 811920 812631
275 812632 813297
276 813298 813993
277 813994 814654
278 814655 815378
279 815379 816056
280 816057 816709
281 816710 817391
282 817392 818056
283 818057 818732
284 818733 819396
285 819397 820047
286 820048 820711
287 820712 821370
288 821371 822046
289 822047 822706
290 822707 823420
291 823421 824107
292 824108 824775
293 824776 825472
294 825473 826137
295 826138 826805
296 826806 827478
297 827479 828151
298 828152 828822
299 828823 829515
300 829516 830189
301 830190 830900
302 830901 831567
303 831568 832265
304 832266 832971
305 832972 833644
306 833645 834293
307 834294 834968
308 834969 835641
309 835642 836333
310 836334 837013
311 837014 837725
312 837726 838392
313 838393 839063
314 839064 839728
315 839729 840450
316 840451 841147
317 841148 841811
318 841812 842487
319 842488 843163
320 843164 843814
321 843815 844482
322 844483 845145
323 845146 845812
324 845813 846467
325 846468 847137
326 847138 847801
327 847802 848469
328 848470 849135
329 849136 849817
330 849818 850529
331 850530 851165
332 851166 851859
333 851860 852526
334 852527 853223
335 853224 853896
336 853897 854604
337 854605 855298
338 855299 855975
339 855976 856647
340 856648 857356
341 857357 858023
342 858024 858746
343 858747 859393
344 859394 860049
345 860050 860744
346 860745 861420
347 861421 862095
348 862096 862778
349 862779 863490
350 863491 864164
351 864165 864856
352 864857 865560
353 865561 866231
354 866232 866912
355 866913 867580
356 867581 868299
357 868300 869022
358 869023 869693
359 869694 870390
360 870391 871058
361 871059 871715
362 871716 872376
363 872377 873041
364 873042 873703
365 873704 874397
366 874398 875071
367 875072 875722
368 875723 876375
369 876376 877028
370 877029 877693
371 877694 878357
372 878358 879050
373 879051 879733
374 879734 880437
375 880438 881103
376 881104 881810
377 881811 882506
378 882507 883176
379 883177 883871
380 883872 884558
381 884559 885257
382 885258 885940
383 885941 886622
384 886623 887329
385 887330 887992
386 887993 888688
387 888689 889367
388 889368 890074
389 890075 890789
390 890790 891457
391 891458 892130
392 892131 892826
393 892827 893485
394 893486 894151
395 894152 894812
396 894813 895472
397 895473 896174
398 896175 896833
399 896834 897506
400 897507 898157
401 898158 898799
402 898800 899460
403 899461 900125
404 900126 900775
405 900776 901438
406 901439 902098
407 902099 902776
408 902777 903434
409 903435 904101
410 904102 904804
411 904805 905512
412 905513 906235
413 906236 906932
414 906933 907595
415 907596 908268
416 908269 908962
417 908963 909619
418 909620 910315
419 910316 910968
420 910969 911637
421 911638 912318
422 912319 912984
423 912985 913663
424 913664 914366
425 914367 915029
426 915030 915685
427 915686 916381
428 916382 917047
429 917048 917727
430 917728 918385
431 918386 919088
432 919089 919755
433 919756 920439
434 920440 921108
435 921109 921787
436 921788 922504
437 922505 923216
438 923217 923939
439 923940 924604
440 924605 925341
441 925342 926035
442 926036 926698
443 926699 927366
444 927367 928023
445 928024 928711
446 928712 929358
447 929359 930011
448 930012 930687
449 930688 931343
450 931344 932017
451 932018 932678
452 932679 933366
453 933367 934018
454 934019 934720
455 934721 935406
456 935407 936071
457 936072 936766
458 936767 937427
459 937428 938094
460 938095 938796
461 938797 939485
462 939486 940152
463 940153 940820
464 940821 941500
465 941501 942164
466 942165 942859
467 942860 943558
468 943559 944219
469 944220 944872
470 944873 945577
471 945578 946249
472 946250 946914
473 946915 947604
474 947605 948284
475 948285 948942
476 948943 949638
477 949639 950373
478 950374 951068
479 951069 951735
480 951736 952449
481 952450 953162
482 953163 953868
483 953869 954590
484 954591 955315
485 955316 956014
486 956015 956708
487 956709 957403
488 957404 958115
489 958116 958812
490 958813 959494
491 959495 960199
492 960200 960846
493 960847 961504
494 961505 962199
495 962200 962867
496 962868 963572
497 963573 964240
498 964241 964930
499 964931 965599
500 965600 966276
501 966277 966932
502 966933 967629
503 967630 968311
504 968312 968953
505 968954 969659
506 969660 970331
507 970332 971002
508 971003 971697
509 971698 972374
510 972375 973082
511 973083 973741
512 973742 974485
513 974486 975228
514 975229 975962
515 975963 976657
516 976658 977336
517 977337 977982
518 977983 978637
519 978638 979296
520 979297 979962
521 979963 980602
522 980603 981288
523 981289 981922
524 981923 982566
525 982567 983234
526 983235 983881
527 983882 984564
528 984565 985271
529 985272 985929
530 985930 986624
531 986625 986842
532 986843 987523
533 987524 988222
534 988223 988927
535 988928 989615
536 989616 990286
537 990287 990981
538 990982 991653
539 991654 992335
540 992336 992993
541 992994 993679
542 993680 994376
543 994377 995082
544 995083 995740
545 995741 996433
546 996434 997128
547 997129 997788
548 997789 998513
549 998514 999204
550 999205 999851
551 999852 1000523
552 1000524 1001184
553 1001185 1001843
554 1001844 1002499
555 1002500 1003133
556 1003134 1003790
557 1003791 1004441
558 1004442 1005098
559 1005099 1005758
560 1005759 1006413
561 1006414 1007079
562 1007080 1007783
563 1007784 1008451
564 1008452 1009144
565 1009145 1009792
566 1009793 1010468
567 1010469 1011130
568 1011131 1011856
569 1011857 1012560
570 1012561 1013257
571 1013258 1013960
572 1013961 1014628
573 1014629 1015298
574 1015299 1015960
575 1015961 1016644
576 1016645 1017300
577 1017301 1017970
578 1017971 1018638
579 1018639 1019334
580 1019335 1019999
581 1020000 1020687
582 1020688 1021393
583 1021394 1022096
584 1022097 1022777
585 1022778 1023450
586 1023451 1024132
587 1024133 1024800
588 1024801 1025496
589 1025497 1026166
590 1026167 1026844
591 1026845 1027507
592 1027508 1028162
593 1028163 1028812
594 1028813 1029471
595 1029472 1030114
596 1030115 1030773
597 1030774 1031449
598 1031450 1032108
599 1032109 1032763
600 1032764 1033467
601 1033468 1034152
602 1034153 1034819
603 1034820 1035522
604 1035523 1036217
605 1036218 1036886
606 1036887 1037591
607 1037592 1038263
608 1038264 1038936
609 1038937 1039636
610 1039637 1040321
611 1040322 1040988
612 1040989 1041683
613 1041684 1042375
614 1042376 1043043
615 1043044 1043772
616 1043773 1044454
617 1044455 1045148
618 1045149 1045797
619 1045798 1046451
620 1046452 1047097
621 1047098 1047803
622 1047804 1048503
623 1048504 1049178
624 1049179 1049853
625 1049854 1050537
626 1050538 1051204
627 1051205 1051900
628 1051901 1052573
629 1052574 1053229
630 1053230 1053891
631 1053892 1054548
632 1054549 1055197
633 1055198 1055860
634 1055861 1056512
635 1056513 1057184
636 1057185 1057821
637 1057822 1058471
638 1058472 1059136
639 1059137 1059797
640 1059798 1060503
641 1060504 1061189
642 1061190 1061880
643 1061881 1062540
644 1062541 1063214
645 1063215 1063910
646 1063911 1064563
647 1064564 1065230
648 1065231 1065898
649 1065899 1066544
650 1066545 1067194
651 1067195 1067900
652 1067901 1068569
653 1068570 1069269
654 1069270 1069936
655 1069937 1070618
656 1070619 1071278
657 1071279 1071918
658 1071919 1072614
659 1072615 1073281
660 1073282 1073987
661 1073988 1074683
662 1074684 1075351
663 1075352 1076050
664 1076051 1076718
665 1076719 1077394
666 1077395 1078054
667 1078055 1078750
668 1078751 1079398
669 1079399 1080054
670 1080055 1080729
671 1080730 1081407
672 1081408 1082058
673 1082059 1082707
674 1082708 1083407
675 1083408 1084084
676 1084085 1084734
677 1084735 1085382
678 1085383 1086088
679 1086089 1086728
680 1086729 1087410
681 1087411 1088129
682 1088130 1088807
683 1088808 1089453
684 1089454 1090106
685 1090107 1090754
686 1090755 1091412
687 1091413 1092048
688 1092049 1092708
689 1092709 1093351
690 1093352 1093993
691 1093994 1094662
692 1094663 1095313
693 1095314 1096008
694 1096009 1096675
695 1096676 1097380
696 1097381 1098014
697 1098015 1098691
698 1098692 1099354
699 1099355 1102062
700 1102063 1102791
701 1102792 1108756
702 1108757 1112097
703 1112098 1121055
704 1121056 1125071
705 1125072 1127127
706 1127128 1130564
707 1130565 1138165
708 1138166 1140812
709 1140813 1143556
710 1143557 1153231
711 1153232 1172511
712 1172512 1175634
713 1175635 1178394
714 1178395 1183777
715 1183778 1186045
716 1186046 1190319
717 1190320 1196868
718 1196869 1197845
719 1197846 1202741
720 1202742 1210964
721 1210965 1216326
722 1216327 1223017
723 1223018 1223954
724 1223955 1227756
725 1227757 1230720
726 1230721 1234315
727 1234316 1236872
728 1236873 1240589
729 1240590 1245292
730 1245293 1254937
731 1254938 1264585
732 1264586 1276131
733 1276132 1278299
734 1278300 1283106
735 1283107 1286139
736 1286140 1287802
737 1287803 1293603
738 1293604 1295649
739 1295650 1297589
740 1297590 1305999
741 1306000 1314809
742 1314810 1317584
743 1317585 1322082
744 1322083 1325247
745 1325248 1327196
746 1327197 1337856
747 1337857 1344155
748 1344156 1348947
749 1348948 1354270
750 1354271 1355595
751 1355596 1357468
752 1357469 1361090
753 1361091 1364811
754 1364812 1367349
755 1367350 1375048
756 1375049 1382068
757 1382069 1388573
758 1388574 1397384
759 1397385 1400554
760 1400555 1403384
761 1403385 1405247
762 1405248 1412327
763 1412328 1415759
764 1415760 1418429
765 1418430 1419600
766 1419601 1431238
767 1431239 1442098
768 1442099 1452019
769 1452020 1458975
770 1458976 1467833
771 1467834 1470107
772 1470108 1470614
773 1470615 1473402
774 1473403 1474012
775 1474013 1480404
776 1480405 1484721
777 1484722 1487060
778 1487061 1496264
779 1496265 1502804
780 1502805 1504385
781 1504386 1511818
782 1511819 1514570
783 1514571 1522273
784 1522274 1526767
785 1526768 1529726
786 1529727 1536055
787 1536056 1545328
788 1545329 1548322
789 1548323 1552727
790 1552728 1556644
791 1556645 1558377
792 1558378 1564914
793 1564915 1570408
794 1570409 1575661
795 1575662 1583710
796 1583711 1585567
797 1585568 1588406
798 1588407 1595819
799 1595820 1597125
800 1597126 1598209
801 1598210 1607295
802 1607296 1618558
803 1618559 1627794
804 1627795 1643797
805 1643798 1652523
806 1652524 1660941
807 1660942 1668276
808 1668277 1679570
809 1679571 1699083
810 1699084 1712646
811 1712647 1718137
812 1718138 1718636
813 1718637 1719469
814 1719470 1722672
815 1722673 1730021
816 1730022 1730567
817 1730568 1732111
818 1732112 1735577
819 1735578 1737681
820 1737682 1746851
821 1746852 1754881
822 1754882 1763454
823 1763455 1768152
824 1768153 1770848
825 1770849 1774938
826 1774939 1780025
827 1780026 1787178
828 1787179 1790592
829 1790593 1793433
830 1793434 1794113
831 1794114 1795172
832 1795173 1796819
833 1796820 1803504
834 1803505 1804859
835 1804860 1816309
836 1816310 1822664
837 1822665 1827104
838 1827105 1852917
839 1852918 1856674
840 1856675 1861824
841 1861825 1870237
842 1870238 1880017
843 1880018 1884657
844 1884658 1891035
845 1891036 1900641
846 1900642 1913495
847 1913496 1918194
848 1918195 1929155
849 1929156 1935436
850 1935437 1940554
851 1940555 1942318
852 1942319 1946141
853 1946142 1950915
854 1950916 1954632
855 1954633 1965357
856 1965358 1975280
857 1975281 1982137
858 1982138 1988255
859 1988256 1994851
860 1994852 2000665
861 2000666 2004772
862 2004773 2008688
863 2008689 2012200
864 2012201 2016051
865 2016052 2019392
866 2019393 2031675
867 2031676 2044527
868 2044528 2048765
869 2048766 2051635
870 2051636 2057216
871 2057217 2073131
872 2073132 2077433
873 2077434 2078159
874 2078160 2079370
875 2079371 2083789
876 2083790 2088182
877 2088183 2090280
878 2090281 2103327
879 2103328 2110043
880 2110044 2118886
881 2118887 2126642
882 2126643 2137349
883 2137350 2144363
884 2144364 2153320
885 2153321 2155671
886 2155672 2163844
887 2163845 2172149
888 2172150 2176055
889 2176056 2181821
890 2181822 2192096
891 2192097 2194652
892 2194653 2208405
893 2208406 2213101
894 2213102 2213639
895 2213640 2215181
896 2215182 2218278
897 2218279 2219591
898 2219592 2225126
899 2225127 2226384
900 2226385 2228358
901 2228359 2231040
902 2231041 2233478
903 2233479 2234712
904 2234713 2235869
905 2235870 2242707
906 2242708 2245894
907 2245895 2248508
908 2248509 2253770
909 2253771 2255705
910 2255706 2258295
911 2258296 2263090
912 2263091 2267838
913 2267839 2272345
914 2272346 2275447
915 2275448 2283162
916 2283163 2288993
917 2288994 2292542
918 2292543 2295906
919 2295907 2298292
920 2298293 2301807
921 2301808 2304002
922 2304003 2306062
923 2306063 2315271
924 2315272 2320701
925 2320702 2328221
926 2328222 2333663
927 2333664 2338543
928 2338544 2346817
929 2346818 2358776
930 2358777 2365129
931 2365130 2366584
932 2366585 2368464
933 2368465 2369461
934 2369462 2374782
935 2374783 2377757
936 2377758 2378450
937 2378451 2382663
938 2382664 2383501
939 2383502 2386672
940 2386673 2387428
941 2387429 2388371
942 2388372 2392622
943 2392623 2396315
944 2396316 2397613
945 2397614 2399443
946 2399444 2400614
947 2400615 2402273
948 2402274 2403174
949 2403175 2405694
950 2405695 2410100
951 2410101 2414802
952 2414803 2415934
953 2415935 2418198
954 2418199 2419174
955 2419175 2421168
956 2421169 2422083
957 2422084 2423298
958 2423299 2424803
959 2424804 2425379
960 2425380 2429366
961 2429367 2430836
962 2430837 2435669
963 2435670 2438173
964 2438174 2440261
965 2440262 2442771
966 2442772 2445032
967 2445033 2448538
968 2448539 2450232
969 2450233 2451376
970 2451377 2454004
971 2454005 2456051
972 2456052 2457968
973 2457969 2462278
974 2462279 2476896
975 2476897 2479040
976 2479041 2485647
977 2485648 2499395
978 2499396 2508474
979 2508475 2512199
980 2512200 2516823
981 2516824 2520482
982 2520483 2526173
983 2526174 2527883
984 2527884 2536998
985 2536999 2541004
986 2541005 2542915
987 2542916 2552698
988 2552699 2559204
989 2559205 2561676
990 2561677 2566224
991 2566225 2573794
992 2573795 2575899
993 2575900 2579621
994 2579622 2583953
995 2583954 2585058
996 2585059 2587291
997 2587292 2588062
998 2588063 2591303
999 2591304 2592079
1000 2592080 2598308
1001 2598309 2604679
1002 2604680 2610428
1003 2610429 2621176
1004 2621177 2624982
1005 2624983 2626534
1006 2626535 2628671
1007 2628672 2638247
1008 2638248 2642571
1009 2642572 2648968
1010 2648969 2652004
1011 2652005 2658114
1012 2658115 2664205
1013 2664206 2665910
1014 2665911 2672388
1015 2672389 2675658
1016 2675659 2682372
1017 2682373 2691410
1018 2691411 2692815
1019 2692816 2695738
1020 2695739 2697495
1021 2697496 2700846
1022 2700847 2706823
1023 2706824 2713576
1024 2713577 2719843
1025 2719844 2726203
1026 2726204 2735907
1027 2735908 2745649
1028 2745650 2746819
1029 2746820 2747539
1030 2747540 2748699
1031 2748700 2752509
1032 2752510 2753178
1033 2753179 2758717
1034 2758718 2760109
1035 2760110 2762902
1036 2762903 2765232
1037 2765233 2770707
1038 2770708 2782938
1039 2782939 2785541
1040 2785542 2811490
1041 2811491 2815214
1042 2815215 2819250
1043 2819251 2831694
1044 2831695 2836067
1045 2836068 2839971
1046 2839972 2854636
1047 2854637 2866923
1048 2866924 2870612
1049 2870613 2872205
1050 2872206 2881302
1051 2881303 2883088
1052 2883089 2883791
1053 2883792 2887024
1054 2887025 2889875
1055 2889876 2895684
1056 2895685 2905307
1057 2905308 2909363
1058 2909364 2910475
1059 2910476 2912241
1060 2912242 2917743
1061 2917744 2922354
1062 2922355 2926904
1063 2926905 2931312
1064 2931313 2933177
1065 2933178 2937560
1066 2937561 2941236
1067 2941237 2947402
1068 2947403 2951607
1069 2951608 2952725
1070 2952726 2953472
1071 2953473 2962330
1072 2962331 2966279
1073 2966280 2973264
1074 2973265 2974778
1075 2974779 2977267
1076 2977268 2978367
1077 2978368 2979393
1078 2979394 2980410
1079 2980411 2985750
1080 2985751 2996750
1081 2996751 2997510
1082 2997511 2998189
1083 2998190 3002220
1084 3002221 3012315
1085 3012316 3013613
1086 3013614 3016737
1087 3016738 3017534
1088 3017535 3018098
1089 3018099 3018732
1090 3018733 3019733
1091 3019734 3020466
1092 3020467 3022232
1093 3022233 3034509
1094 3034510 3038850
1095 3038851 3050056
1096 3050057 3053681
1097 3053682 3057033
1098 3057034 3060736
1099 3060737 3067105
1100 3067106 3068605
1101 3068606 3071302
1102 3071303 3073408
1103 3073409 3076529
1104 3076530 3078144
1105 3078145 3086671
1106 3086672 3090187
1107 3090188 3093590
1108 3093591 3094968
1109 3094969 3102896
1110 3102897 3111108
1111 3111109 3119757
1112 3119758 3125455
1113 3125456 3132886
1114 3132887 3139956
1115 3139957 3145460
1116 3145461 3147267
1117 3147268 3153703
1118 3153704 3162733
1119 3162734 3166609
1120 3166610 3171215
1121 3171216 3173954
1122 3173955 3176358
1123 3176359 3180226
1124 3180227 3185048
1125 3185049 3189322
1126 3189323 3192582
1127 3192583 3199646
1128 3199647 3208225
1129 3208226 3216725
1130 3216726 3219534
1131 3219535 3220161
1132 3220162 3224363
1133 3224364 3232511
1134 3232512 3240859
1135 3240860 3246279
1136 3246280 3248692
1137 3248693 3256299
1138 3256300 3262947
1139 3262948 3266402
1140 3266403 3269312
1141 3269313 3270382
1142 3270383 3273447
1143 3273448 3284046
1144 3284047 3291620
1145 3291621 3299247
1146 3299248 3300287
1147 3300288 3303261
1148 3303262 3305066
1149 3305067 3313104
1150 3313105 3320056
1151 3320057 3324123
1152 3324124 3325154
1153 3325155 3334744
1154 3334745 3344385
1155 3344386 3347101
1156 3347102 3350906
1157 3350907 3356607
1158 3356608 3371400
1159 3371401 3374456
1160 3374457 3378922
1161 3378923 3386824
1162 3386825 3393333
1163 3393334 3395851
1164 3395852 3399727
1165 3399728 3403538
1166 3403539 3405396
1167 3405397 3408793
1168 3408794 3413843
1169 3413844 3416082
1170 3416083 3417187
1171 3417188 3418549
1172 3418550 3422555
1173 3422556 3423531
1174 3423532 3427027
1175 3427028 3430337
1176 3430338 3434023
1177 3434024 3437310
1178 3437311 3439785
1179 3439786 3440770
1180 3440771 3442029
1181 3442030 3450105
1182 3450106 3457127
1183 3457128 3461620
1184 3461621 3468927
1185 3468928 3469932
1186 3469933 3473271
1187 3473272 3482351
1188 3482352 3484508
1189 3484509 3490813
1190 3490814 3497109
1191 3497110 3498250
1192 3498251 3499070
1193 3499071 3505845
1194 3505846 3509437
1195 3509438 3512128
1196 3512129 3513150
1197 3513151 3517486
1198 3517487 3522966
1199 3522967 3526002
1200 3526003 3528764
1201 3528765 3532525
1202 3532526 3534668
1203 3534669 3538695
1204 3538696 3551851
1205 3551852 3554385
1206 3554386 3556323
1207 3556324 3559965
1208 3559966 3563850
1209 3563851 3567745
1210 3567746 3569661
1211 3569662 3575119
1212 3575120 3582015
1213 3582016 3584543
1214 3584544 3589145
1215 3589146 3596133
1216 3596134 3597656
1217 3597657 3600116
1218 3600117 3602797
1219 3602798 3603599
1220 3603600 3608980
1221 3608981 3609257
1222 3609258 3610115
1223 3610116 3613712
1224 3613713 3619604
1225 3619605 3620862
1226 3620863 3622267
1227 3622268 3625974
1228 3625975 3630578
1229 3630579 3632985
1230 3632986 3635208
1231 3635209 3639005
1232 3639006 3643057
1233 3643058 3643983
1234 3643984 3646941
1235 3646942 3648101
1236 3648102 3649905
1237 3649906 3651928
1238 3651929 3655075
1239 3655076 3662239
1240 3662240 3670872
1241 3670873 3674859
1242 3674860 3678877
1243 3678878 3683525
1244 3683526 3687444
1245 3687445 3692096
1246 3692097 3693263
1247 3693264 3697489
1248 3697490 3700219
1249 3700220 3701945
1250 3701946 3703033
1251 3703034 3707095
1252 3707096 3710992
1253 3710993 3713903
1254 3713904 3715203
1255 3715204 3718390
1256 3718391 3726103
1257 3726104 3745198
1258 3745199 3747417
1259 3747418 3751223
1260 3751224 3752880
1261 3752881 3757152
1262 3757153 3762294
1263 3762295 3771170
1264 3771171 3774335
1265 3774336 3787727
1266 3787728 3791493
1267 3791494 3797889
1268 3797890 3806619
1269 3806620 3812408
1270 3812409 3814596
1271 3814597 3819592
1272 3819593 3820816
1273 3820817 3824702
1274 3824703 3831080
1275 3831081 3832754
1276 3832755 3836216
1277 3836217 3839044
1278 3839045 3845346
1279 3845347 3850763
1280 3850764 3852559
1281 3852560 3859333
1282 3859334 3863016
1283 3863017 3873472
1284 3873473 3880474
1285 3880475 3885059
1286 3885060 3888606
1287 3888607 3895080
1288 3895081 3904740
1289 3904741 3906354
1290 3906355 3909123
1291 3909124 3911534
1292 3911535 3916113
1293 3916114 3924848
1294 3924849 3926453
1295 3926454 3931284
1296 3931285 3932776
1297 3932777 3936053
1298 3936054 3937269
1299 3937270 3939061
1300 3939062 3943592
1301 3943593 3944681
1302 3944682 3948917
1303 3948918 3950756
1304 3950757 3952917
1305 3952918 3957888
1306 3957889 3960485
1307 3960486 3963100
1308 3963101 3963475
1309 3963476 3965016
1310 3965017 3966530
1311 3966531 3968733
1312 3968734 3970240
1313 3970241 3971335
1314 3971336 3974016
1315 3974017 3975039
1316 3975040 3975382
1317 3975383 3979973
1318 3979974 3981271
1319 3981272 3982178
1320 3982179 3986110
1321 3986111 3987464
1322 3987465 3990606
1323 3990607 3993243
1324 3993244 3993793
1325 3993794 3995096
1326 3995097 3996348
1327 3996349 3998860
1328 3998861 4000071
1329 4000072 4008228
1330 4008229 4008832
1331 4008833 4010181
1332 4010182 4017610
1333 4017611 4021493
1334 4021494 4025223
1335 4025224 4028705
1336 4028706 4035729
1337 4035730 4040666
1338 4040667 4042329
1339 4042330 4043914
1340 4043915 4045947
1341 4045948 4047303
1342 4047304 4047823
1343 4047824 4049192
1344 4049193 4051503
1345 4051504 4056009
1346 4056010 4057561
1347 4057562 4069131
1348 4069132 4071198
1349 4071199 4072028
1350 4072029 4072960
1351 4072961 4074033
1352 4074034 4075871
1353 4075872 4076600
1354 4076601 4088183
1355 4088184 4089979
1356 4089980 4092957
1357 4092958 4096716
1358 4096717 4097679
1359 4097680 4099902
1360 4099903 4101144
1361 4101145 4105920
1362 4105921 4106244
1363 4106245 4113313
1364 4113314 4114369
1365 4114370 4116164
1366 4116165 4118744
1367 4118745 4120242
1368 4120243 4121501
1369 4121502 4128186
1370 4128187 4131740
1371 4131741 4132749
1372 4132750 4136298
1373 4136299 4137953
1374 4137954 4140963
1375 4140964 4142285
1376 4142286 4142796
1377 4142797 4143574
1378 4143575 4148425
1379 4148426 4149661
1380 4149662 4156122
1381 4156123 4158828
1382 4158829 4159285
1383 4159286 4163541
1384 4163542 4164075
1385 4164076 4165575
1386 4165576 4167714
1387 4167715 4170523
1388 4170524 4173712
1389 4173713 4175101
1390 4175102 4176648
1391 4176649 4177797
1392 4177798 4179261
1393 4179262 4181624
1394 4181625 4182228
1395 4182229 4182661
1396 4182662 4183104
1397 4183105 4183563
1398 4183564 4184066
1399 4184067 4184539
1400 4184540 4185020
1401 4185021 4185525
1402 4185526 4186066
1403 4186067 4186555
1404 4186556 4187074
1405 4187075 4187569
1406 4187570 4188056
1407 4188057 4188559
1408 4188560 4189030
1409 4189031 4189569
1410 4189570 4195251
1411 4195252 4197817
1412 4197818 4206401
1413 4206402 4213820
1414 4213821 4216251
1415 4216252 4217726
1416 4217727 4219383
1417 4219384 4222073
1418 4222074 4224669
1419 4224670 4226938
1420 4226939 4230018
1421 4230019 4232102
1422 4232103 4235104
1423 4235105 4242076
1424 4242077 4248452
1425 4248453 4255338
1426 4255339 4262109
1427 4262110 4266068
1428 4266069 4274198
1429 4274199 4282001
1430 4282002 4285134
1431 4285135 4286950
1432 4286951 4289942
1433 4289943 4291572
1434 4291573 4294612
1435 4294613 4298065
1436 4298066 4299934
1437 4299935 4301476
1438 4301477 4306264
1439 4306265 4308025
1440 4308026 4309560
1441 4309561 4312041
1442 4312042 4315671
1443 4315672 4317751
1444 4317752 4319224
1445 4319225 4322052
1446 4322053 4329884
1447 4329885 4333231
1448 4333232 4336865
1449 4336866 4345754
1450 4345755 4349502
1451 4349503 4352341
1452 4352342 4354557
1453 4354558 4358139
1454 4358140 4361648
1455 4361649 4363729
1456 4363730 4365343
1457 4365344 4367153
1458 4367154 4373529
1459 4373530 4376742
1460 4376743 4378993
1461 4378994 4380869
1462 4380870 4384301
1463 4384302 4389809
1464 4389810 4391830
1465 4391831 4395994
1466 4395995 4398724
1467 4398725 4402497
1468 4402498 4404253
1469 4404254 4405806
1470 4405807 4407362
1471 4407363 4408996
1472 4408997 4412658
1473 4412659 4415407
1474 4415408 4419383
1475 4419384 4421776
1476 4421777 4424183
1477 4424184 4426784
1478 4426785 4429170
1479 4429171 4431718
1480 4431719 4454965
1481 4454966 4458187
1482 4458188 4461809
1483 4461810 4468139
1484 4468140 4471240
1485 4471241 4474549
1486 4474550 4477971
1487 4477972 4483220
1488 4483221 4484844
1489 4484845 4487445
1490 4487446 4490874
1491 4490875 4493336
1492 4493337 4494426
1493 4494427 4496799
1494 4496800 4501890
1495 4501891 4506125
1496 4506126 4509151
1497 4509152 4512936
1498 4512937 4515585
1499 4515586 4521015
1500 4521016 4523552
1501 4523553 4527331
1502 4527332 4528440
1503 4528441 4533694
1504 4533695 4535140
1505 4535141 4536364
1506 4536365 4538418
1507 4538419 4545869
1508 4545870 4549208
1509 4549209 4551755
1510 4551756 4553721
1511 4553722 4555293
1512 4555294 4557864
1513 4557865 4559882
1514 4559883 4563645
1515 4563646 4564596
1516 4564597 4565814
1517 4565815 4567749
1518 4567750 4569192
1519 4569193 4573014
1520 4573015 4578743
1521 4578744 4580994
1522 4580995 4583907
1523 4583908 4585422
1524 4585423 4591183
1525 4591184 4593852
1526 4593853 4595150
1527 4595151 4596426
1528 4596427 4597771
1529 4597772 4605737
1530 4605738 4607454
1531 4607455 4610293
1532 4610294 4611546
1533 4611547 4612969
1534 4612970 4618102
1535 4618103 4621154
1536 4621155 4622461
1537 4622462 4625260
1538 4625261 4626714
1539 4626715 4627648
1540 4627649 4630434
1541 4630435 4631939
1542 4631940 4632857
1543 4632858 4635868
1544 4635869 4637077
1545 4637078 4645861
1546 4645862 4648474
1547 4648475 4650109
1548 4650110 4652354
1549 4652355 4654353
1550 4654354 4660611
1551 4660612 4662700
1552 4662701 4664277
1553 4664278 4667435
1554 4667436 4671505
1555 4671506 4674199
1556 4674200 4677086
1557 4677087 4678133
1558 4678134 4679562
1559 4679563 4685076
1560 4685077 4686733
1561 4686734 4690362
1562 4690363 4692453
1563 4692454 4698270
1564 4698271 4705061
1565 4705062 4706278
1566 4706279 4707806
1567 4707807 4708171
1568 4708172 4710380
1569 4710381 4712132
1570 4712133 4715088
1571 4715089 4716318
1572 4716319 4718288
1573 4718289 4719212
1574 4719213 4721090
1575 4721091 4724067
1576 4724068 4730961
1577 4730962 4733632
1578 4733633 4735205
1579 4735206 4736983
1580 4736984 4738696
1581 4738697 4739664
1582 4739665 4748631
1583 4748632 4754251
1584 4754252 4759929
1585 4759930 4765424
1586 4765425 4772176
1587 4772177 4774259
1588 4774260 4793725
1589 4793726 4801415
1590 4801416 4803244
1591 4803245 4804489
1592 4804490 4807534
1593 4807535 4809401
1594 4809402 4812103
1595 4812104 4816281
1596 4816282 4817703
1597 4817704 4818307
1598 4818308 4824888
1599 4824889 4827311
1600 4827312 4829149
1601 4829150 4832505
1602 4832506 4834403
1603 4834404 4848167
1604 4848168 4848716
1605 4848717 4850351
1606 4850352 4853392
1607 4853393 4855770
1608 4855771 4858600
1609 4858601 4876983
1610 4876984 4886654
1611 4886655 4888692
1612 4888693 4890564
1613 4890565 4893228
1614 4893229 4896434
1615 4896435 4905971
1616 4905972 4909450
1617 4909451 4917847
1618 4917848 4920003
1619 4920004 4921748
1620 4921749 4922818
1621 4922819 4924289
1622 4924290 4925363
1623 4925364 4926750
1624 4926751 4932129
1625 4932130 4937140
1626 4937141 4939310
1627 4939311 4941067
1628 4941068 4945102
1629 4945103 4947440
1630 4947441 4949715
1631 4949716 4957405
1632 4957406 4958728
1633 4958729 4960222
1634 4960223 4964520
1635 4964521 4965802
1636 4965803 4967052
1637 4967053 4968479
1638 4968480 4970183
1639 4970184 4975385
1640 4975386 4977926
1641 4977927 4979317
1642 4979318 4982511
1643 4982512 4993452
1644 4993453 4997300
1645 4997301 5006874
1646 5006875 5010678
1647 5010679 5012218
1648 5012219 5014325
1649 5014326 5021375
1650 5021376 5023257
1651 5023258 5030563
1652 5030564 5033911
1653 5033912 5035846
1654 5035847 5048751
1655 5048752 5054020
1656 5054021 5058714
1657 5058715 5060107
1658 5060108 5062598
1659 5062599 5064936
1660 5064937 5067106
1661 5067107 5070730
1662 5070731 5072128
1663 5072129 5083190
1664 5083191 5084376
1665 5084377 5085064
1666 5085065 5089840
1667 5089841 5091897
1668 5091898 5093208
1669 5093209 5094126
1670 5094127 5101555
1671 5101556 5104687
1672 5104688 5106598
1673 5106599 5109492
1674 5109493 5110479
1675 5110480 5111814
1676 5111815 5113186
1677 5113187 5113730
1678 5113731 5117706
1679 5117707 5122343
1680 5122344 5127317
1681 5127318 5130576
1682 5130577 5132803
1683 5132804 5133679
1684 5133680 5134481
1685 5134482 5135742
1686 5135743 5141443
1687 5141444 5143050
1688 5143051 5143834
1689 5143835 5145535
1690 5145536 5158530
1691 5158531 5159100
1692 5159101 5160958
1693 5160959 5163446
1694 5163447 5165785
1695 5165786 5168489
1696 5168490 5170155
1697 5170156 5170793
1698 5170794 5172970
1699 5172971 5175183
1700 5175184 5177400
1701 5177401 5179740
1702 5179741 5181892
1703 5181893 5182390
1704 5182391 5184835
1705 5184836 5186085
1706 5186086 5189203
1707 5189204 5190779
1708 5190780 5191502
1709 5191503 5192563
1710 5192564 5196330
1711 5196331 5198771
1712 5198772 5200837
1713 5200838 5203373
1714 5203374 5206835
1715 5206836 5209323
1716 5209324 5211866
1717 5211867 5232104
1718 5232105 5240527
1719 5240528 5244923
1720 5244924 5249424
1721 5249425 5253594
1722 5253595 5255142
1723 5255143 5259654
1724 5259655 5261032
1725 5261033 5262228
1726 5262229 5263722
1727 5263723 5271157
1728 5271158 5273363
1729 5273364 5291415
1730 5291416 5300320
1731 5300321 5306022
1732 5306023 5310073
1733 5310074 5313658
1734 5313659 5315737
1735 5315738 5332124
1736 5332125 5336610
1737 5336611 5337789
1738 5337790 5339742
1739 5339743 5341121
1740 5341122 5349299
1741 5349300 5354497
1742 5354498 5361368
1743 5361369 5363303
1744 5363304 5371526
1745 5371527 5379106
1746 5379107 5387630
1747 5387631 5392626
1748 5392627 5399389
1749 5399390 5414507
1750 5414508 5422051
1751 5422052 5427159
1752 5427160 5428544
1753 5428545 5430124
1754 5430125 5432292
1755 5432293 5433654
1756 5433655 5434498
1757 5434499 5440896
1758 5440897 5443055
1759 5443056 5451329
1760 5451330 5455573
1761 5455574 5457476
1762 5457477 5462740
1763 5462741 5468237
1764 5468238 5477380
1765 5477381 5482099
1766 5482100 5491621
1767 5491622 5495420
1768 5495421 5496509
1769 5496510 5497944
1770 5497945 5499329
1771 5499330 5508434
1772 5508435 5508757
1773 5508758 5510512
1774 5510513 5511308
1775 5511309 5512790
1776 5512791 5525368
1777 5525369 5533428
1778 5533429 5537533
1779 5537534 5542561
1780 5542562 5547051
1781 5547052 5555968
1782 5555969 5558201
1783 5558202 5563592
1784 5563593 5566545
1785 5566546 5569682
1786 5569683 5571390
1787 5571391 5579508
1788 5579509 5583224
1789 5583225 5597404
1790 5597405 5600708
1791 5600709 5604612
1792 5604613 5608951
1793 5608952 5620570
1794 5620571 5621515
1795 5621516 5629539
1796 5629540 5635831
1797 5635832 5636639
1798 5636640 5642347
1799 5642348 5657934
1800 5657935 5658868
1801 5658869 5664959
1802 5664960 5665644
1803 5665645 5670917
1804 5670918 5679003
1805 5679004 5680470
1806 5680471 5684847
1807 5684848 5685574
1808 5685575 5694513
1809 5694514 5695893
1810 5695894 5704389
1811 5704390 5708623
1812 5708624 5711852
1813 5711853 5724718
1814 5724719 5729293
1815 5729294 5731673
1816 5731674 5734109
1817 5734110 5734778
1818 5734779 5736149
1819 5736150 5746238
1820 5746239 5768008
1821 5768009 5768888
1822 5768889 5772411
1823 5772412 5776255
1824 5776256 5777686
1825 5777687 5778762
1826 5778763 5784512
1827 5784513 5785733
1828 5785734 5786628
1829 5786629 5797458
1830 5797459 5798823
1831 5798824 5816537
1832 5816538 5826019
1833 5826020 5828872
1834 5828873 5832852
1835 5832853 5834181
1836 5834182 5838788
1837 5838789 5844753
1838 5844754 5845809
1839 5845810 5846635
1840 5846636 5848945
1841 5848946 5857101
1842 5857102 5860364
1843 5860365 5862202
1844 5862203 5862734
1845 5862735 5864279
1846 5864280 5866563
1847 5866564 5870380
1848 5870381 5876310
1849 5876311 5877637
1850 5877638 5880814
1851 5880815 5882050
1852 5882051 5883360
1853 5883361 5884460
1854 5884461 5890005
1855 5890006 5890932
1856 5890933 5895304
1857 5895305 5895649
1858 5895650 5904532
1859 5904533 5908131
1860 5908132 5909733
1861 5909734 5911068
1862 5911069 5917463
1863 5917464 5921511
1864 5921512 5922733
1865 5922734 5925684
1866 5925685 5928349
1867 5928350 5930136
1868 5930137 5934248
1869 5934249 5947072
1870 5947073 5948543
1871 5948544 5952580
1872 5952581 5956156
1873 5956157 5957517
1874 5957518 5958601
1875 5958602 5962568
1876 5962569 5969442
1877 5969443 5982380
1878 5982381 5983971
1879 5983972 5985496
1880 5985497 5986956
1881 5986957 5989394
1882 5989395 5991559
1883 5991560 5993302
1884 5993303 5995062
1885 5995063 5996213
1886 5996214 5997845
1887 5997846 5998645
1888 5998646 6005673
1889 6005674 6013808
1890 6013809 6015281
1891 6015282 6016360
1892 6016361 6021035
1893 6021036 6023453
1894 6023454 6024614
1895 6024615 6031055
1896 6031056 6032832
1897 6032833 6040390
1898 6040391 6042562
1899 6042563 6048945
1900 6048946 6052944
1901 6052945 6054331
1902 6054332 6062670
1903 6062671 6069567
1904 6069568 6079101
1905 6079102 6082748
1906 6082749 6084979
1907 6084980 6088364
1908 6088365 6093097
1909 6093098 6094783
1910 6094784 6096766
1911 6096767 6099898
1912 6099899 6102365
1913 6102366 6110168
1914 6110169 6112848
1915 6112849 6114879
1916 6114880 6121113
1917 6121114 6125375
1918 6125376 6129757
1919 6129758 6133608
1920 6133609 6140512
1921 6140513 6144133
1922 6144134 6147434
1923 6147435 6152075
1924 6152076 6157356
1925 6157357 6161816
1926 6161817 6165252
1927 6165253 6169390
1928 6169391 6170546
1929 6170547 6178510
1930 6178511 6183098
1931 6183099 6187504
1932 6187505 6191895
1933 6191896 6195998
1934 6195999 6201577
1935 6201578 6209388
1936 6209389 6211749
1937 6211750 6213893
1938 6213894 6216860
1939 6216861 6219821
1940 6219822 6224452
1941 6224453 6229898
1942 6229899 6233083
1943 6233084 6237188
1944 6237189 6242659
1945 6242660 6247358
1946 6247359 6252491
1947 6252492 6254998
1948 6254999 6257741
1949 6257742 6260724
1950 6260725 6269001
1951 6269002 6270246
1952 6270247 6271031
1953 6271032 6275196
1954 6275197 6278557
1955 6278558 6280118
1956 6280119 6290084
1957 6290085 6293167
1958 6293168 6301937
1959 6301938 6305887
1960 6305888 6311149
1961 6311150 6316098
1962 6316099 6324699
1963 6324700 6329513
1964 6329514 6333450
1965 6333451 6333986
1966 6333987 6338683
1967 6338684 6343092
1968 6343093 6346921
1969 6346922 6352763
1970 6352764 6359997
1971 6359998 6366481
1972 6366482 6369071
1973 6369072 6372448
1974 6372449 6373430
1975 6373431 6396356
1976 6396357 6414946
1977 6414947 6417544
1978 6417545 6426036
1979 6426037 6427699
1980 6427700 6430110
1981 6430111 6437259
1982 6437260 6440613
1983 6440614 6451636
1984 6451637 6454526
1985 6454527 6458054
1986 6458055 6461291
1987 6461292 6466144
1988 6466145 6473426
1989 6473427 6480344
1990 6480345 6486551
1991 6486552 6487640
1992 6487641 6490442
1993 6490443 6493905
1994 6493906 6494968
1995 6494969 6497416
1996 6497417 6498986
1997 6498987 6505343
1998 6505344 6518983
1999 6518984 6521095
2000 6521096 6534061
2001 6534062 6540546
2002 6540547 6543437
2003 6543438 6548484
2004 6548485 6550464
2005 6550465 6559526
2006 6559527 6566103
2007 6566104 6568598
2008 6568599 6575035
2009 6575036 6578186
2010 6578187 6583370
2011 6583371 6588943
2012 6588944 6593652
2013 6593653 6599198
2014 6599199 6601086
2015 6601087 6604960
2016 6604961 6611050
2017 6611051 6613523
2018 6613524 6617968
2019 6617969 6618950
2020 6618951 6619749
2021 6619750 6623930
2022 6623931 6626610
2023 6626611 6629579
2024 6629580 6630840
2025 6630841 6632794
2026 6632795 6635121
2027 6635122 6637862
2028 6637863 6640177
2029 6640178 6641479
2030 6641480 6646189
2031 6646190 6650780
2032 6650781 6654368
2033 6654369 6657509
2034 6657510 6661624
2035 6661625 6666138
2036 6666139 6668922
2037 6668923 6672754
2038 6672755 6675073
2039 6675074 6676817
2040 6676818 6679125
2041 6679126 6699622
2042 6699623 6702943
2043 6702944 6707030
2044 6707031 6708958
2045 6708959 6717695
2046 6717696 6720382
2047 6720383 6725706
2048 6725707 6731062
2049 6731063 6734758
2050 6734759 6738935
2051 6738936 6744876
2052 6744877 6747914
2053 6747915 6753385
2054 6753386 6755132
2055 6755133 6757762
2056 6757763 6762803
2057 6762804 6767601
2058 6767602 6770922
2059 6770923 6776351
2060 6776352 6781851
2061 6781852 6786132
2062 6786133 6788679
2063 6788680 6793094
2064 6793095 6800499
2065 6800500 6805233
2066 6805234 6806144
2067 6806145 6806946
2068 6806947 6809189
2069 6809190 6810977
2070 6810978 6811917
2071 6811918 6813765
2072 6813766 6825909
2073 6825910 6830353
2074 6830354 6832243
2075 6832244 6839140
2076 6839141 6849130
2077 6849131 6850255
2078 6850256 6860207
2079 6860208 6863596
2080 6863597 6865007
2081 6865008 6868532
2082 6868533 6873907
2083 6873908 6878576
2084 6878577 6884126
2085 6884127 6887591
2086 6887592 6889335
2087 6889336 6890119
2088 6890120 6892707
2089 6892708 6896656
2090 6896657 6900193
2091 6900194 6905371
2092 6905372 6910636
2093 6910637 6911959
2094 6911960 6921341
2095 6921342 6924636
2096 6924637 6925239
2097 6925240 6926795
2098 6926796 6930117
2099 6930118 6932007
2100 6932008 6935292
2101 6935293 6940411
2102 6940412 6942545
2103 6942546 6948385
2104 6948386 6950695
2105 6950696 6954920
2106 6954921 6959846
2107 6959847 6961859
2108 6961860 6964992
2109 6964993 6971328
2110 6971329 6972317
2111 6972318 6978975
2112 6978976 6979918
2113 6979919 6981071
2114 6981072 6981876
2115 6981877 6988205
2116 6988206 6991066
2117 6991067 6996161
2118 6996162 7005248
2119 7005249 7012620
2120 7012621 7014451
2121 7014452 7019959
2122 7019960 7023564
2123 7023565 7025079
2124 7025080 7025735
2125 7025736 7029037
2126 7029038 7038204
2127 7038205 7041094
2128 7041095 7043328
2129 7043329 7049059
2130 7049060 7050365
2131 7050366 7054794
2132 7054795 7055501
2133 7055502 7058060
2134 7058061 7059603
2135 7059604 7060743
2136 7060744 7063275
2137 7063276 7067654
2138 7067655 7070597
2139 7070598 7076045
2140 7076046 7081927
2141 7081928 7086408
2142 7086409 7089180
2143 7089181 7091259
2144 7091260 7092334
2145 7092335 7093153
2146 7093154 7095808
2147 7095809 7101601
2148 7101602 7102560
2149 7102561 7104361
2150 7104362 7106089
2151 7106090 7113578
2152 7113579 7114796
2153 7114797 7117039
2154 7117040 7119487
2155 7119488 7120897
2156 7120898 7121470
2157 7121471 7126490
2158 7126491 7132628
2159 7132629 7144266
2160 7144267 7145489
2161 7145490 7147837
2162 7147838 7148872
2163 7148873 7150136
2164 7150137 7152336
2165 7152337 7155173
2166 7155174 7160376
2167 7160377 7162827
2168 7162828 7165866
2169 7165867 7185962
2170 7185963 7188815
2171 7188816 7190439
2172 7190440 7192702
2173 7192703 7194470
2174 7194471 7195947
2175 7195948 7203314
2176 7203315 7207933
2177 7207934 7220540
2178 7220541 7222949
2179 7222950 7224789
2180 7224790 7226240
2181 7226241 7229366
2182 7229367 7230755
2183 7230756 7234652
2184 7234653 7235761
2185 7235762 7236897
2186 7236898 7238239
2187 7238240 7240611
2188 7240612 7242576
2189 7242577 7244942
2190 7244943 7248422
2191 7248423 7249410
2192 7249411 7256728
2193 7256729 7261954
2194 7261955 7268540
2195 7268541 7272990
2196 7272991 7276705
2197 7276706 7279471
2198 7279472 7310410
2199 7310411 7314388
2200 7314389 7319641
2201 7319642 7322503
2202 7322504 7324472
2203 7324473 7329219
2204 7329220 7330461
2205 7330462 7333039
2206 7333040 7336808
2207 7336809 7338460
2208 7338461 7341174
2209 7341175 7343869
2210 7343870 7344394
2211 7344395 7348557
2212 7348558 7354642
2213 7354643 7356393
2214 7356394 7359999
2215 7360000 7362467
2216 7362468 7368497
2217 7368498 7374290
2218 7374291 7382069
2219 7382070 7387021
2220 7387022 7387941
2221 7387942 7389227
2222 7389228 7391273
2223 7391274 7395351
2224 7395352 7398858
2225 7398859 7399468
2226 7399469 7403540
2227 7403541 7406457
2228 7406458 7409323
2229 7409324 7412841
2230 7412842 7418453
2231 7418454 7423086
2232 7423087 7428193
2233 7428194 7430913
2234 7430914 7440094
2235 7440095 7449513
2236 7449514 7455074
2237 7455075 7457110
2238 7457111 7464478
2239 7464479 7466473
2240 7466474 7469974
2241 7469975 7473721
2242 7473722 7476334
2243 7476335 7484693
2244 7484694 7486014
2245 7486015 7487911
2246 7487912 7491012
2247 7491013 7495577
2248 7495578 7497613
2249 7497614 7498827
2250 7498828 7500061
2251 7500062 7505363
2252 7505364 7508159
2253 7508160 7512188
2254 7512189 7513339
2255 7513340 7515376
2256 7515377 7517535
2257 7517536 7518887
2258 7518888 7521794
2259 7521795 7523393
2260 7523394 7530728
2261 7530729 7536040
2262 7536041 7536792
2263 7536793 7537339
2264 7537340 7538215
2265 7538216 7538902
2266 7538903 7539450
2267 7539451 7540036
2268 7540037 7541392
2269 7541393 7544931
2270 7544932 7548677
2271 7548678 7549202
2272 7549203 7551302
2273 7551303 7552653
2274 7552654 7556064
2275 7556065 7562329
2276 7562330 7565612
2277 7565613 7570951
2278 7570952 7573976
2279 7573977 7577802
2280 7577803 7581107
2281 7581108 7584162
2282 7584163 7586267
2283 7586268 7588206
2284 7588207 7591420
2285 7591421 7595207
2286 7595208 7597162
2287 7597163 7599331
2288 7599332 7603155
2289 7603156 7606964
2290 7606965 7610601
2291 7610602 7621760
2292 7621761 7631842
2293 7631843 7633908
2294 7633909 7637747
2295 7637748 7641210
2296 7641211 7645443
2297 7645444 7646975
2298 7646976 7648448
2299 7648449 7650816
2300 7650817 7652781
2301 7652782 7655898
2302 7655899 7658674
2303 7658675 7660608
2304 7660609 7663011
2305 7663012 7668021
2306 7668022 7674576
2307 7674577 7679302
2308 7679303 7683540
2309 7683541 7687158
2310 7687159 7690223
2311 7690224 7694339
2312 7694340 7702999
2313 7703000 7707050
2314 7707051 7714597
2315 7714598 7753040
2316 7753041 7758495
2317 7758496 7776382
2318 7776383 7781688
2319 7781689 7784472
2320 7784473 7795028
2321 7795029 7798826
2322 7798827 7803569
2323 7803570 7808992
2324 7808993 7813833
2325 7813834 7819094
2326 7819095 7825835
2327 7825836 7832335
2328 7832336 7837029
2329 7837030 7841194
2330 7841195 7850162
2331 7850163 7858582
2332 7858583 7864080
2333 7864081 7868367
2334 7868368 7875826
2335 7875827 7883746
2336 7883747 7889409
2337 7889410 7894782
2338 7894783 7899262
2339 7899263 7904237
2340 7904238 7908570
2341 7908571 7912943
2342 7912944 7918304
2343 7918305 7919576
2344 7919577 7923600
2345 7923601 7943487
2346 7943488 7947211
2347 7947212 7953559
2348 7953560 7958246
2349 7958247 7961063
2350 7961064 7964553
2351 7964554 7968476
2352 7968477 7971947
2353 7971948 7976233
2354 7976234 7988164
2355 7988165 7992423
2356 7992424 8000657
2357 8000658 8008535
2358 8008536 8016553
2359 8016554 8023878
2360 8023879 8025522
2361 8025523 8030789
2362 8030790 8047253
2363 8047254 8051876
2364 8051877 8061340
2365 8061341 8066664
2366 8066665 8070864
2367 8070865 8075659
2368 8075660 8079693
2369 8079694 8090211
2370 8090212 8095773
2371 8095774 8099889
2372 8099890 8103047
2373 8103048 8106802
2374 8106803 8110732
2375 8110733 8114054
2376 8114055 8117487
2377 8117488 8135933
2378 8135934 8140732
2379 8140733 8146111
2380 8146112 8149525
2381 8149526 8161015
2382 8161016 8168907
2383 8168908 8188461
2384 8188462 8193919
2385 8193920 8195164
2386 8195165 8197306
2387 8197307 8200164
2388 8200165 8203835
2389 8203836 8223204
2390 8223205 8242996
2391 8242997 8247363
2392 8247364 8251676
2393 8251677 8255213
2394 8255214 8267793
2395 8267794 8274593
2396 8274594 8300395
2397 8300396 8311638
2398 8311639 8318748
2399 8318749 8320314
2400 8320315 8326277
2401 8326278 8332644
2402 8332645 8356250
2403 8356251 8357832
2404 8357833 8360657
2405 8360658 8361455
2406 8361456 8362569
2407 8362570 8365524
2408 8365525 8369953
2409 8369954 8379650
2410 8379651 8381854
2411 8381855 8385038
2412 8385039 8387157
2413 8387158 8389455
2414 8389456 8416486
2415 8416487 8418399
2416 8418400 8420192
2417 8420193 8425575
2418 8425576 8431058
2419 8431059 8433572
2420 8433573 8437003
2421 8437004 8441787
2422 8441788 8445534
2423 8445535 8448933
2424 8448934 8464440
2425 8464441 8468591
2426 8468592 8472207
2427 8472208 8482384
2428 8482385 8484073
2429 8484074 8485583
2430 8485584 8491470
2431 8491471 8502441
2432 8502442 8507508
2433 8507509 8511383
2434 8511384 8513601
2435 8513602 8514883
2436 8514884 8515559
2437 8515560 8517112
2438 8517113 8521784
2439 8521785 8524542
2440 8524543 8526516
2441 8526517 8535303
2442 8535304 8541595
2443 8541596 8546797
2444 8546798 8548792
2445 8548793 8555289
2446 8555290 8558280
2447 8558281 8561241
2448 8561242 8568774
2449 8568775 8570493
2450 8570494 8572624
2451 8572625 8575238
2452 8575239 8576953
2453 8576954 8578565
2454 8578566 8589505
2455 8589506 8597142
2456 8597143 8600518
2457 8600519 8603578
2458 8603579 8605498
2459 8605499 8611095
2460 8611096 8619282
2461 8619283 8622512
2462 8622513 8623112
2463 8623113 8626791
2464 8626792 8631910
2465 8631911 8638843
2466 8638844 8639776
2467 8639777 8642163
2468 8642164 8646554
2469 8646555 8650130
2470 8650131 8653058
2471 8653059 8658708
2472 8658709 8663807
2473 8663808 8671184
2474 8671185 8672329
2475 8672330 8676291
2476 8676292 8677655
2477 8677656 8685026
2478 8685027 8688342
2479 8688343 8692747
2480 8692748 8697619
2481 8697620 8699987
2482 8699988 8706068
2483 8706069 8708370
2484 8708371 8710101
2485 8710102 8725425
2486 8725426 8734733
2487 8734734 8740148
2488 8740149 8741530
2489 8741531 8747249
2490 8747250 8748665
2491 8748666 8755253
2492 8755254 8759910
2493 8759911 8764542
2494 8764543 8774333
2495 8774334 8776081
2496 8776082 8779581
2497 8779582 8795130
2498 8795131 8804750
2499 8804751 8808683
2500 8808684 8816602
2501 8816603 8830308
2502 8830309 8834107
2503 8834108 8848185
2504 8848186 8853607
2505 8853608 8854654
2506 8854655 8855757
2507 8855758 8862464
2508 8862465 8864630
2509 8864631 8866579
2510 8866580 8873286
2511 8873287 8879510
2512 8879511 8883135
2513 8883136 8883776
2514 8883777 8885612
2515 8885613 8888710
2516 8888711 8889977
2517 8889978 8892283
2518 8892284 8893407
2519 8893408 8896904
2520 8896905 8901033
2521 8901034 8905348
2522 8905349 8911653
2523 8911654 8915425
2524 8915426 8916142
2525 8916143 8920436
2526 8920437 8924534
2527 8924535 8925088
2528 8925089 8926092
2529 8926093 8927694
2530 8927695 8931366
2531 8931367 8934966
2532 8934967 8939787
2533 8939788 8942502
2534 8942503 8944598
2535 8944599 8947746
2536 8947747 8948565
2537 8948566 8955763
2538 8955764 8956721
2539 8956722 8959886
2540 8959887 8962276
2541 8962277 8964956
2542 8964957 8968362
2543 8968363 8970929
2544 8970930 8974973
2545 8974974 8977032
2546 8977033 8978911
2547 8978912 8983364
2548 8983365 8984804
2549 8984805 8989246
2550 8989247 8993145
2551 8993146 8998843
2552 8998844 9005525
2553 9005526 9010073
2554 9010074 9011891
2555 9011892 9013160
2556 9013161 9016026
2557 9016027 9022487
2558 9022488 9025043
2559 9025044 9028508
2560 9028509 9031232
2561 9031233 9033506
2562 9033507 9044009
2563 9044010 9044778
2564 9044779 9053911
2565 9053912 9060741
2566 9060742 9062963
2567 9062964 9065501
2568 9065502 9067909
2569 9067910 9070284
2570 9070285 9071636
2571 9071637 9072777
2572 9072778 9075740
2573 9075741 9085915
2574 9085916 9087209
2575 9087210 9091195
2576 9091196 9092329
2577 9092330 9092803
2578 9092804 9103584
2579 9103585 9105437
2580 9105438 9108818
2581 9108819 9112178
2582 9112179 9115778
2583 9115779 9125488
2584 9125489 9127690
2585 9127691 9128819
2586 9128820 9129617
2587 9129618 9130677
2588 9130678 9132527
2589 9132528 9141042
2590 9141043 9144515
2591 9144516 9150872
2592 9150873 9155704
2593 9155705 9161332
2594 9161333 9163056
2595 9163057 9168434
2596 9168435 9170143
2597 9170144 9171860
2598 9171861 9178663
2599 9178664 9181465
2600 9181466 9182979
2601 9182980 9185063
2602 9185064 9187655
2603 9187656 9190250
2604 9190251 9194028
2605 9194029 9196855
2606 9196856 9199571
2607 9199572 9200831
2608 9200832 9201947
2609 9201948 9202818
2610 9202819 9203809
2611 9203810 9204815
2612 9204816 9207185
2613 9207186 9208939
2614 9208940 9210102
2615 9210103 9211015
2616 9211016 9212159
2617 9212160 9213527
2618 9213528 9214536
2619 9214537 9216496
2620 9216497 9219132
2621 9219133 9220418
2622 9220419 9223171
2623 9223172 9226000
2624 9226001 9229010
2625 9229011 9230083
2626 9230084 9233709
2627 9233710 9236265
2628 9236266 9240573
2629 9240574 9243917
2630 9243918 9249811
2631 9249812 9253124
2632 9253125 9254057
2633 9254058 9256397
2634 9256398 9261037
2635 9261038 9263362
2636 9263363 9264170
2637 9264171 9269988
2638 9269989 9271235
2639 9271236 9277264
2640 9277265 9278151
2641 9278152 9279782
2642 9279783 9280668
2643 9280669 9283955
2644 9283956 9290377
2645 9290378 9291216
2646 9291217 9294649
2647 9294650 9298688
2648 9298689 9299948
2649 9299949 9301042
2650 9301043 9302857
2651 9302858 9304405
2652 9304406 9306915
2653 9306916 9309424
2654 9309425 9311185
2655 9311186 9312577
2656 9312578 9315500
2657 9315501 9317950
2658 9317951 9319531
2659 9319532 9321405
2660 9321406 9322499
2661 9322500 9323463
2662 9323464 9326840
2663 9326841 9328811
2664 9328812 9330753
2665 9330754 9332990
2666 9332991 9334957
2667 9334958 9338092
2668 9338093 9339899
2669 9339900 9343109
2670 9343110 9346923
2671 9346924 9347453
2672 9347454 9348571
2673 9348572 9349394
2674 9349395 9351975
2675 9351976 9353045
2676 9353046 9355336
2677 9355337 9357211
2678 9357212 9358646
2679 9358647 9359383
2680 9359384 9361073
2681 9361074 9363624
2682 9363625 9365203
2683 9365204 9367502
2684 9367503 9369902
2685 9369903 9372164
2686 9372165 9373244
2687 9373245 9375777
2688 9375778 9377216
2689 9377217 9381413
2690 9381414 9383535
2691 9383536 9385338
2692 9385339 9387600
2693 9387601 9391826
2694 9391827 9392376
2695 9392377 9393219
2696 9393220 9395796
2697 9395797 9400046
2698 9400047 9403617
2699 9403618 9404534
2700 9404535 9408627
2701 9408628 9412154
2702 9412155 9413388
2703 9413389 9415796
2704 9415797 9418463
2705 9418464 9423579
2706 9423580 9433386
2707 9433387 9435054
2708 9435055 9435811
2709 9435812 9436553
2710 9436554 9439489
2711 9439490 9441375
2712 9441376 9443702
2713 9443703 9446895
2714 9446896 9449803
2715 9449804 9452774
2716 9452775 9455797
2717 9455798 9458239
2718 9458240 9460724
2719 9460725 9463278
2720 9463279 9464147
2721 9464148 9465758
2722 9465759 9471604
2723 9471605 9474186
2724 9474187 9475489
2725 9475490 9477549
2726 9477550 9479144
2727 9479145 9482049
2728 9482050 9487867
2729 9487868 9489066
2730 9489067 9491904
2731 9491905 9493752
2732 9493753 9494993
2733 9494994 9496118
2734 9496119 9497900
2735 9497901 9503895
2736 9503896 9505712
2737 9505713 9509156
2738 9509157 9510754
2739 9510755 9511382
2740 9511383 9514102
2741 9514103 9515005
2742 9515006 9520775
2743 9520776 9525996
2744 9525997 9527613
2745 9527614 9528381
2746 9528382 9529178
2747 9529179 9531679
2748 9531680 9537495
2749 9537496 9541244
2750 9541245 9544963
2751 9544964 9548640
2752 9548641 9552412
2753 9552413 9556238
2754 9556239 9560092
2755 9560093 9564150
2756 9564151 9568025
2757 9568026 9571825
2758 9571826 9575649
2759 9575650 9579491
2760 9579492 9583252
2761 9583253 9587052
2762 9587053 9590870
2763 9590871 9594678
2764 9594679 9598533
2765 9598534 9602233
2766 9602234 9602871
2767 9602872 9608700
2768 9608701 9609400
2769 9609401 9612220
2770 9612221 9615091
2771 9615092 9616187
2772 9616188 9617466
2773 9617467 9625062
2774 9625063 9626550
2775 9626551 9628862
2776 9628863 9630968
2777 9630969 9632441
2778 9632442 9633426
2779 9633427 9635144
2780 9635145 9637782
2781 9637783 9639707
2782 9639708 9656763
2783 9656764 9658325
2784 9658326 9663188
2785 9663189 9665312
2786 9665313 9668147
2787 9668148 9674422
2788 9674423 9674971
2789 9674972 9679020
2790 9679021 9681071
2791 9681072 9682299
2792 9682300 9686967
2793 9686968 9687836
2794 9687837 9689969
2795 9689970 9691880
2796 9691881 9696072
2797 9696073 9700777
2798 9700778 9710004
2799 9710005 9714148
2800 9714149 9716870
2801 9716871 9717730
2802 9717731 9718555
2803 9718556 9719467
2804 9719468 9720523
2805 9720524 9726897
2806 9726898 9730492
2807 9730493 9737370
2808 9737371 9747570
2809 9747571 9749764
2810 9749765 9753457
2811 9753458 9755811
2812 9755812 9759537
2813 9759538 9762496
2814 9762497 9766288
2815 9766289 9767928
2816 9767929 9778085
2817 9778086 9780247
2818 9780248 9785250
2819 9785251 9787688
2820 9787689 9789220
2821 9789221 9797196
2822 9797197 9804001
2823 9804002 9808466
2824 9808467 9818102
2825 9818103 9824533
2826 9824534 9830289
2827 9830290 9833185
2828 9833186 9838880
2829 9838881 9849343
2830 9849344 9853677
2831 9853678 9859861
2832 9859862 9864519
2833 9864520 9866814
2834 9866815 9870264
2835 9870265 9879189
2836 9879190 9881015
2837 9881016 9886776
2838 9886777 9890844
2839 9890845 9894917
2840 9894918 9897548
2841 9897549 9897923
2842 9897924 9899799
2843 9899800 9907222
2844 9907223 9911691
2845 9911692 9914140
2846 9914141 9915903
2847 9915904 9919010
2848 9919011 9922556
2849 9922557 9925368
2850 9925369 9930627
2851 9930628 9931823
2852 9931824 9933005
2853 9933006 9936139
2854 9936140 9943780
2855 9943781 9951454
2856 9951455 9952663
2857 9952664 9958707
2858 9958708 9960419
2859 9960420 9962768
2860 9962769 9967626
2861 9967627 9969369
2862 9969370 9972746
2863 9972747 9974693
2864 9974694 9975884
2865 9975885 9978545
2866 9978546 9979235
2867 9979236 9982055
2868 9982056 9987285
2869 9987286 9988961
2870 9988962 9991815
2871 9991816 9995991
2872 9995992 9997262
2873 9997263 9998391
2874 9998392 10000029
2875 10000030 10001231
2876 10001232 10002913
2877 10002914 10003751
2878 10003752 10004636
2879 10004637 10008481
2880 10008482 10009331
2881 10009332 10012465
2882 10012466 10020330
2883 10020331 10022897
2884 10022898 10024423
2885 10024424 10027604
2886 10027605 10028782
2887 10028783 10031501
2888 10031502 10033872
2889 10033873 10035238
2890 10035239 10036287
2891 10036288 10039979
2892 10039980 10043071
2893 10043072 10044549
2894 10044550 10052922
2895 10052923 10054399
2896 10054400 10056475
2897 10056476 10057449
2898 10057450 10059135
2899 10059136 10060778
2900 10060779 10061712
2901 10061713 10064159
2902 10064160 10073823
2903 10073824 10077802
2904 10077803 10078427
2905 10078428 10079086
2906 10079087 10079718
2907 10079719 10080395
2908 10080396 10081054
2909 10081055 10081689
2910 10081690 10082294
2911 10082295 10082922
2912 10082923 10083613
2913 10083614 10084275
2914 10084276 10084946
2915 10084947 10085588
2916 10085589 10086225
2917 10086226 10086865
2918 10086866 10087505
2919 10087506 10088145
2920 10088146 10088782
2921 10088783 10089413
2922 10089414 10090055
2923 10090056 10090701
2924 10090702 10091359
2925 10091360 10092000
2926 10092001 10092628
2927 10092629 10093262
2928 10093263 10093949
2929 10093950 10094579
2930 10094580 10094952
2931 10094953 10095627
2932 10095628 10096287
2933 10096288 10096863
2934 10096864 10097506
2935 10097507 10098192
2936 10098193 10098831
2937 10098832 10099502
2938 10099503 10100158
2939 10100159 10100802
2940 10100803 10101466
2941 10101467 10102123
2942 10102124 10102790
2943 10102791 10103451
2944 10103452 10104091
2945 10104092 10104729
2946 10104730 10105354
2947 10105355 10106013
2948 10106014 10106645
2949 10106646 10107325
2950 10107326 10107962
2951 10107963 10108595
2952 10108596 10109153
2953 10109154 10109781
2954 10109782 10110439
2955 10110440 10111082
2956 10111083 10111710
2957 10111711 10112339
2958 10112340 10113015
2959 10113016 10113643
2960 10113644 10114277
2961 10114278 10114939
2962 10114940 10115571
2963 10115572 10116246
2964 10116247 10116917
2965 10116918 10117555
2966 10117556 10118113
2967 10118114 10118741
2968 10118742 10119037
2969 10119038 10119350
2970 10119351 10120008
2971 10120009 10120649
2972 10120650 10120939
2973 10120940 10121251
2974 10121252 10121919
2975 10121920 10122547
2976 10122548 10123183
2977 10123184 10123846
2978 10123847 10124531
2979 10124532 10125168
2980 10125169 10125811
2981 10125812 10126449
2982 10126450 10127091
2983 10127092 10127649
2984 10127650 10128311
2985 10128312 10128972
2986 10128973 10129612
2987 10129613 10130274
2988 10130275 10130932
2989 10130933 10131568
2990 10131569 10132201
2991 10132202 10132863
2992 10132864 10133512
2993 10133513 10134194
2994 10134195 10134856
2995 10134857 10135528
2996 10135529 10136177
2997 10136178 10136853
2998 10136854 10137517
2999 10137518 10138179
3000 10138180 10138843
3001 10138844 10139501
3002 10139502 10140139
3003 10140140 10140774
3004 10140775 10141398
3005 10141399 10142026
3006 10142027 10142657
3007 10142658 10143296
3008 10143297 10143943
3009 10143944 10144582
3010 10144583 10145244
3011 10145245 10145848
3012 10145849 10146508
3013 10146509 10147153
3014 10147154 10147780
3015 10147781 10148421
3016 10148422 10149083
3017 10149084 10149722
3018 10149723 10150363
3019 10150364 10151001
3020 10151002 10151639
3021 10151640 10152308
3022 10152309 10152955
3023 10152956 10153617
3024 10153618 10154287
3025 10154288 10154957
3026 10154958 10155585
3027 10155586 10156206
3028 10156207 10156838
3029 10156839 10157477
3030 10157478 10158124
3031 10158125 10158764
3032 10158765 10159407
3033 10159408 10160011
3034 10160012 10160673
3035 10160674 10161304
3036 10161305 10161946
3037 10161947 10162574
3038 10162575 10163236
3039 10163237 10163871
3040 10163872 10164516
3041 10164517 10165178
3042 10165179 10165800
3043 10165801 10166432
3044 10166433 10167072
3045 10167073 10167721
3046 10167722 10168362
3047 10168363 10169000
3048 10169001 10169606
3049 10169607 10170266
3050 10170267 10170910
3051 10170911 10171536
3052 10171537 10172198
3053 10172199 10172834
3054 10172835 10173479
3055 10173480 10174189
3056 10174190 10174836
3057 10174837 10175497
3058 10175498 10176120
3059 10176121 10176723
3060 10176724 10177362
3061 10177363 10178001
3062 10178002 10178626
3063 10178627 10179259
3064 10179260 10179899
3065 10179900 10180546
3066 10180547 10181186
3067 10181187 10181822
3068 10181823 10182465
3069 10182466 10183093
3070 10183094 10183754
3071 10183755 10184415
3072 10184416 10185048
3073 10185049 10185681
3074 10185682 10186330
3075 10186331 10186991
3076 10186992 10187614
3077 10187615 10188250
3078 10188251 10188890
3079 10188891 10189539
3080 10189540 10190179
3081 10190180 10190816
3082 10190817 10191419
3083 10191420 10192080
3084 10192081 10192723
3085 10192724 10193347
3086 10193348 10194008
3087 10194009 10194640
3088 10194641 10195281
3089 10195282 10195930
3090 10195931 10196591
3091 10196592 10197222
3092 10197223 10197845
3093 10197846 10198479
3094 10198480 10199119
3095 10199120 10199770
3096 10199771 10200411
3097 10200412 10201049
3098 10201050 10201710
3099 10201711 10202313
3100 10202314 10203008
3101 10203009 10203650
3102 10203651 10204278
3103 10204279 10204939
3104 10204940 10205623
3105 10205624 10206299
3106 10206300 10206932
3107 10206933 10207581
3108 10207582 10208241
3109 10208242 10208918
3110 10208919 10209570
3111 10209571 10210239
3112 10210240 10210903
3113 10210904 10211571
3114 10211572 10212227
3115 10212228 10212898
3116 10212899 10213563
3117 10213564 10214232
3118 10214233 10214899
3119 10214900 10215542
3120 10215543 10216181
3121 10216182 10216817
3122 10216818 10217442
3123 10217443 10218076
3124 10218077 10218711
3125 10218712 10219361
3126 10219362 10220001
3127 10220002 10220670
3128 10220671 10221273
3129 10221274 10221901
3130 10221902 10222561
3131 10222562 10223210
3132 10223211 10223853
3133 10223854 10224480
3134 10224481 10225144
3135 10225145 10225805
3136 10225806 10226435
3137 10226436 10227084
3138 10227085 10227745
3139 10227746 10228366
3140 10228367 10228999
3141 10229000 10229639
3142 10229640 10230292
3143 10230293 10230934
3144 10230935 10231578
3145 10231579 10232183
3146 10232184 10232844
3147 10232845 10233486
3148 10233487 10234112
3149 10234113 10234773
3150 10234774 10235402
3151 10235403 10236050
3152 10236051 10236711
3153 10236712 10237330
3154 10237331 10237934
3155 10237935 10238577
3156 10238578 10239219
3157 10239220 10239860
3158 10239861 10240483
3159 10240484 10241118
3160 10241119 10241758
3161 10241759 10242408
3162 10242409 10243048
3163 10243049 10243717
3164 10243718 10244379
3165 10244380 10245022
3166 10245023 10245648
3167 10245649 10246310
3168 10246311 10247002
3169 10247003 10247618
3170 10247619 10248259
3171 10248260 10248938
3172 10248939 10249573
3173 10249574 10250223
3174 10250224 10250885
3175 10250886 10251551
3176 10251552 10252214
3177 10252215 10252909
3178 10252910 10253584
3179 10253585 10254236
3180 10254237 10254890
3181 10254891 10255544
3182 10255545 10256210
3183 10256211 10256875
3184 10256876 10257569
3185 10257570 10258199
3186 10258200 10258835
3187 10258836 10259475
3188 10259476 10260097
3189 10260098 10260731
3190 10260732 10261371
3191 10261372 10262021
3192 10262022 10262659
3193 10262660 10263353
3194 10263354 10263958
3195 10263959 10264620
3196 10264621 10265264
3197 10265265 10265889
3198 10265890 10266551
3199 10266552 10267189
3200 10267190 10267835
3201 10267836 10268497
3202 10268498 10269154
3203 10269155 10269775
3204 10269776 10270410
3205 10270411 10271045
3206 10271046 10271692
3207 10271693 10272336
3208 10272337 10272992
3209 10272993 10273596
3210 10273597 10274258
3211 10274259 10274910
3212 10274911 10275552
3213 10275553 10276176
3214 10276177 10276838
3215 10276839 10277484
3216 10277485 10278147
3217 10278148 10278809
3218 10278810 10279414
3219 10279415 10280078
3220 10280079 10280740
3221 10280741 10281387
3222 10281388 10282010
3223 10282011 10282672
3224 10282673 10283314
3225 10283315 10283941
3226 10283942 10284570
3227 10284571 10285232
3228 10285233 10285872
3229 10285873 10286571
3230 10286572 10287215
3231 10287216 10287875
3232 10287876 10288549
3233 10288550 10289201
3234 10289202 10289844
3235 10289845 10290506
3236 10290507 10291172
3237 10291173 10291823
3238 10291824 10292487
3239 10292488 10293148
3240 10293149 10294778
3241 10294779 10297605
3242 10297606 10298559
3243 10298560 10299688
3244 10299689 10315246
3245 10315247 10321685
3246 10321686 10335655
3247 10335656 10336399
3248 10336400 10339176
3249 10339177 10341235
3250 10341236 10343850
3251 10343851 10346641
3252 10346642 10348425
3253 10348426 10368483
3254 10368484 10377528
3255 10377529 10381107
3256 10381108 10384668
3257 10384669 10388070
3258 10388071 10390179
3259 10390180 10393547
3260 10393548 10393983
3261 10393984 10396536
3262 10396537 10399451
3263 10399452 10413387
3264 10413388 10415200
3265 10415201 10419314
3266 10419315 10422080
3267 10422081 10425055
3268 10425056 10425990
3269 10425991 10426684
3270 10426685 10446840
3271 10446841 10450685
3272 10450686 10479327
3273 10479328 10483547
3274 10483548 10490942
3275 10490943 10500271
3276 10500272 10530577
3277 10530578 10550266
3278 10550267 10551211
3279 10551212 10551833
3280 10551834 10554152
3281 10554153 10555773
3282 10555774 10560745
3283 10560746 10564067
3284 10564068 10568122
3285 10568123 10570629
3286 10570630 10575227
3287 10575228 10576378
3288 10576379 10578387
3289 10578388 10579062
3290 10579063 10579489
3291 10579490 10589414
3292 10589415 10591720
3293 10591721 10592579
3294 10592580 10623037
3295 10623038 10626585
3296 10626586 10627522
3297 10627523 10630113
3298 10630114 10633236
3299 10633237 10633572
3300 10633573 10640786
3301 10640787 10659821
3302 10659822 10665529
3303 10665530 10666838
3304 10666839 10669024
3305 10669025 10671378
3306 10671379 10673993
3307 10673994 10676550
3308 10676551 10677798
3309 10677799 10686803
3310 10686804 10690456
3311 10690457 10692607
3312 10692608 10694971
3313 10694972 10717070
3314 10717071 10717928
3315 10717929 10718329
3316 10718330 10719486
3317 10719487 10723336
3318 10723337 10724477
3319 10724478 10728015
3320 10728016 10731272
3321 10731273 10732844
3322 10732845 10734185
3323 10734186 10736196
3324 10736197 10738359
3325 10738360 10739648
3326 10739649 10740967
3327 10740968 10744868
3328 10744869 10745426
3329 10745427 10751902
3330 10751903 10754482
3331 10754483 10758160
3332 10758161 10758986
3333 10758987 10760263
3334 10760264 10762686
3335 10762687 10763381
3336 10763382 10764175
3337 10764176 10769198
3338 10769199 10777288
3339 10777289 10788842
3340 10788843 10790894
3341 10790895 10794506
3342 10794507 10799680
3343 10799681 10805019
3344 10805020 10810186
3345 10810187 10816531
3346 10816532 10817569
3347 10817570 10824772
3348 10824773 10827720
3349 10827721 10837258
3350 10837259 10841482
3351 10841483 10847909
3352 10847910 10850799
3353 10850800 10852387
3354 10852388 10855313
3355 10855314 10858719
3356 10858720 10860496
3357 10860497 10866055
3358 10866056 10875118
3359 10875119 10877416
3360 10877417 10885841
3361 10885842 10892642
3362 10892643 10899107
3363 10899108 10902799
3364 10902800 10906186
3365 10906187 10909077
3366 10909078 10912494
3367 10912495 10912969
3368 10912970 10915140
3369 10915141 10919069
3370 10919070 10922687
3371 10922688 10925602
3372 10925603 10929184
3373 10929185 10931883
3374 10931884 10938449
3375 10938450 10947876
3376 10947877 10956314
3377 10956315 10966845
3378 10966846 10976543
3379 10976544 10986823
3380 10986824 10994785
3381 10994786 11000263
3382 11000264 11006511
3383 11006512 11014008
3384 11014009 11017563
3385 11017564 11021557
3386 11021558 11023920
3387 11023921 11025468
3388 11025469 11027135
3389 11027136 11030291
3390 11030292 11033809
3391 11033810 11041413
3392 11041414 11047759
3393 11047760 11053700
3394 11053701 11057277
3395 11057278 11061875
3396 11061876 11065361
3397 11065362 11076967
3398 11076968 11082123
3399 11082124 11088768
3400 11088769 11093578
3401 11093579 11094654
3402 11094655 11098825
3403 11098826 11102485
3404 11102486 11105932
3405 11105933 11110248
3406 11110249 11115157
3407 11115158 11119717
3408 11119718 11127705
3409 11127706 11129955
3410 11129956 11135495
3411 11135496 11139877
3412 11139878 11146405
3413 11146406 11151199
3414 11151200 11153371
3415 11153372 11155519
3416 11155520 11157017
3417 11157018 11160335
3418 11160336 11164935
3419 11164936 11169074
3420 11169075 11175314
3421 11175315 11183896
3422 11183897 11185754
3423 11185755 11191539
3424 11191540 11198818
3425 11198819 11200096
3426 11200097 11203521
3427 11203522 11207633
3428 11207634 11209247
3429 11209248 11216538
3430 11216539 11219297
3431 11219298 11229439
3432 11229440 11233736
3433 11233737 11239545
3434 11239546 11240364
3435 11240365 11244125
3436 11244126 11246105
3437 11246106 11247706
3438 11247707 11250799
3439 11250800 11251929
3440 11251930 11252530
3441 11252531 11254111
3442 11254112 11255769
3443 11255770 11257342
3444 11257343 11266180
3445 11266181 11273962
3446 11273963 11278403
3447 11278404 11281348
3448 11281349 11281964
3449 11281965 11289668
3450 11289669 11293735
3451 11293736 11306205
3452 11306206 11311105
3453 11311106 11313653
3454 11313654 11317577
3455 11317578 11333436
3456 11333437 11339743
3457 11339744 11342388
3458 11342389 11342705
3459 11342706 11345078
3460 11345079 11348958
3461 11348959 11351774
3462 11351775 11365339
3463 11365340 11373269
3464 11373270 11375203
3465 11375204 11378008
3466 11378009 11379964
3467 11379965 11381838
3468 11381839 11385301
3469 11385302 11387542
3470 11387543 11390622
3471 11390623 11392638
3472 11392639 11394492
3473 11394493 11396708
3474 11396709 11399637
3475 11399638 11402492
3476 11402493 11404447
3477 11404448 11406687
3478 11406688 11408902
3479 11408903 11410755
3480 11410756 11412770
3481 11412771 11415396
3482 11415397 11418739
3483 11418740 11420932
3484 11420933 11422868
3485 11422869 11424667
3486 11424668 11426778
3487 11426779 11431304
3488 11431305 11435226
3489 11435227 11439048
3490 11439049 11442079
3491 11442080 11444556
3492 11444557 11447148
3493 11447149 11449505
3494 11449506 11451903
3495 11451904 11456429
3496 11456430 11456761
3497 11456762 11462648
3498 11462649 11466570
3499 11466571 11470392
3500 11470393 11480350
3501 11480351 11483162
3502 11483163 11484108
3503 11484109 11488557
3504 11488558 11495753
3505 11495754 11496070
3506 11496071 11499293
3507 11499294 11501989
3508 11501990 11504393
3509 11504394 11507016
3510 11507017 11510609
3511 11510610 11514985
3512 11514986 11517620
3513 11517621 11522636
3514 11522637 11525410
3515 11525411 11533644
3516 11533645 11536419
3517 11536420 11542711
3518 11542712 11545182
3519 11545183 11546426
3520 11546427 11564265
3521 11564266 11574163
3522 11574164 11577148
3523 11577149 11580414
3524 11580415 11586326
3525 11586327 11589831
3526 11589832 11591795
3527 11591796 11594899
3528 11594900 11599418
3529 11599419 11603818
3530 11603819 11607560
3531 11607561 11610574
3532 11610575 11635136
3533 11635137 11646455
3534 11646456 11662766
3535 11662767 11693486
3536 11693487 11697288
3537 11697289 11700528
3538 11700529 11704277
3539 11704278 11708515
3540 11708516 11712134
3541 11712135 11726753
3542 11726754 11729819
3543 11729820 11734653
3544 11734654 11738770
3545 11738771 11741405
3546 11741406 11744143
3547 11744144 11747727
3548 11747728 11751209
3549 11751210 11771019
3550 11771020 11775032
3551 11775033 11776299
3552 11776300 11780485
3553 11780486 11784173
3554 11784174 11789534
3555 11789535 11793867
3556 11793868 11797674
3557 11797675 11802047
3558 11802048 11805129
3559 11805130 11806831
3560 11806832 11811148
3561 11811149 11814898
3562 11814899 11818071
3563 11818072 11822081
3564 11822082 11826253
3565 11826254 11829809
3566 11829810 11833466
3567 11833467 11837284
3568 11837285 11841301
3569 11841302 11844785
3570 11844786 11849109
3571 11849110 11859627
3572 11859628 11863404
3573 11863405 11868137
3574 11868138 11871642
3575 11871643 11875665
3576 11875666 11880449
3577 11880450 11884636
3578 11884637 11888601
3579 11888602 11892093
3580 11892094 11894940
3581 11894941 11898043
3582 11898044 11901188
3583 11901189 11905262
3584 11905263 11908542
3585 11908543 11927911
3586 11927912 11932278
3587 11932279 11935698
3588 11935699 11937264
3589 11937265 11940730
3590 11940731 11944258
3591 11944259 11963812
3592 11963813 11968499
3593 11968500 11970023
3594 11970024 11973450
3595 11973451 11978300
3596 11978301 11982454
3597 11982455 11985810
3598 11985811 11987050
3599 11987051 11990517
3600 11990518 11995964
3601 11995965 11999753
3602 11999754 12004832
3603 12004833 12008004
3604 12008005 12011306
3605 12011307 12014957
3606 12014958 12018700
3607 12018701 12022193
3608 12022194 12024942
3609 12024943 12028187
3610 12028188 12031846
3611 12031847 12035054
3612 12035055 12038617
3613 12038618 12057569
3614 12057570 12062086
3615 12062087 12065874
3616 12065875 12069502
3617 12069503 12071109
3618 12071110 12075451
3619 12075452 12076702
3620 12076703 12077647
3621 12077648 12080608
3622 12080609 12084692
3623 12084693 12088230
3624 12088231 12091091
3625 12091092 12094632
3626 12094633 12097257
3627 12097258 12098379
3628 12098380 12102614
3629 12102615 12122429
3630 12122430 12126269
3631 12126270 12131104
3632 12131105 12134446
3633 12134447 12139256
3634 12139257 12142584
3635 12142585 12145860
3636 12145861 12149520
3637 12149521 12150005
3638 12150006 12153181
3639 12153182 12155305
3640 12155306 12165512
3641 12165513 12166652
3642 12166653 12168008
3643 12168009 12173191
3644 12173192 12175737
3645 12175738 12182405
3646 12182406 12190244
3647 12190245 12191675
3648 12191676 12193458
3649 12193459 12195717
3650 12195718 12199138
3651 12199139 12201035
3652 12201036 12203150
3653 12203151 12209212
3654 12209213 12211301
3655 12211302 12212771
3656 12212772 12213891
3657 12213892 12217082
3658 12217083 12223404
3659 12223405 12225375
3660 12225376 12227780
3661 12227781 12230402
3662 12230403 12233028
3663 12233029 12236644
3664 12236645 12238032
3665 12238033 12246541
3666 12246542 12250458
3667 12250459 12251925
3668 12251926 12262346
3669 12262347 12266459
3670 12266460 12273656
3671 12273657 12283673
3672 12283674 12287047
3673 12287048 12293556
3674 12293557 12297943
3675 12297944 12302618
3676 12302619 12305626
3677 12305627 12306949
3678 12306950 12310030
3679 12310031 12311998
3680 12311999 12313681
3681 12313682 12315410
3682 12315411 12318771
3683 12318772 12320847
3684 12320848 12322990
3685 12322991 12323987
3686 12323988 12325894
3687 12325895 12329865
3688 12329866 12332071
3689 12332072 12337477
3690 12337478 12339235
3691 12339236 12341139
3692 12341140 12343697
3693 12343698 12345905
3694 12345906 12348298
3695 12348299 12350498
3696 12350499 12352303
3697 12352304 12354700
3698 12354701 12360726
3699 12360727 12365694
3700 12365695 12367325
3701 12367326 12381014
3702 12381015 12386400
3703 12386401 12387390
3704 12387391 12401907
3705 12401908 12403775
3706 12403776 12405374
3707 12405375 12406457
3708 12406458 12407950
3709 12407951 12409722
3710 12409723 12415814
3711 12415815 12418808
3712 12418809 12421900
3713 12421901 12424300
3714 12424301 12426268
3715 12426269 12429124
3716 12429125 12434541
3717 12434542 12449927
3718 12449928 12457180
3719 12457181 12460541
3720 12460542 12463789
3721 12463790 12466343
3722 12466344 12469297
3723 12469298 12470651
3724 12470652 12472962
3725 12472963 12478249
3726 12478250 12479874
3727 12479875 12481182
3728 12481183 12482898
3729 12482899 12484894
3730 12484895 12486970
3731 12486971 12489587
3732 12489588 12491629
3733 12491630 12493138
3734 12493139 12494641
3735 12494642 12496049
3736 12496050 12498551
3737 12498552 12501244
3738 12501245 12504006
3739 12504007 12505940
3740 12505941 12508392
3741 12508393 12515570
3742 12515571 12517140
3743 12517141 12518295
3744 12518296 12519450
3745 12519451 12520603
3746 12520604 12521758
3747 12521759 12522913
3748 12522914 12524068
3749 12524069 12525223
3750 12525224 12526378
3751 12526379 12527533
3752 12527534 12528337
3753 12528338 12529473
3754 12529474 12537569
3755 12537570 12543131
3756 12543132 12544467
3757 12544468 12546487
3758 12546488 12551258
3759 12551259 12558059
3760 12558060 12566261
3761 12566262 12570193
3762 12570194 12575700
3763 12575701 12576958
3764 12576959 12585830
3765 12585831 12591863
3766 12591864 12593939
3767 12593940 12598410
3768 12598411 12600366
3769 12600367 12609674
3770 12609675 12612090
3771 12612091 12613374
3772 12613375 12616311
3773 12616312 12618482
3774 12618483 12621510
3775 12621511 12622441
3776 12622442 12626226
3777 12626227 12628836
3778 12628837 12630364
3779 12630365 12633787
3780 12633788 12635457
3781 12635458 12641845
3782 12641846 12644327
3783 12644328 12646496
3784 12646497 12651584
3785 12651585 12660168
3786 12660169 12665374
3787 12665375 12666467
3788 12666468 12667772
3789 12667773 12669240
3790 12669241 12671722
3791 12671723 12674100
3792 12674101 12675936
3793 12675937 12679455
3794 12679456 12681891
3795 12681892 12685834
3796 12685835 12689605
3797 12689606 12690058
3798 12690059 12703455
3799 12703456 12713075
3800 12713076 12715553
3801 12715554 12717653
3802 12717654 12720101
3803 12720102 12722773
3804 12722774 12729172
3805 12729173 12737186
3806 12737187 12742432
3807 12742433 12748396
3808 12748397 12752972
3809 12752973 12755484
3810 12755485 12757984
3811 12757985 12765415
3812 12765416 12773943
3813 12773944 12779365
3814 12779366 12779995
3815 12779996 12782807
3816 12782808 12786070
3817 12786071 12787209
3818 12787210 12789003
3819 12789004 12790940
3820 12790941 12791586
3821 12791587 12792080
3822 12792081 12792695
3823 12792696 12795284
3824 12795285 12797815
3825 12797816 12799749
3826 12799750 12805535
3827 12805536 12807584
3828 12807585 12811421
3829 12811422 12819572
3830 12819573 12823777
3831 12823778 12826177
3832 12826178 12827767
3833 12827768 12830792
3834 12830793 12832584
3835 12832585 12840908
3836 12840909 12842620
3837 12842621 12844773
3838 12844774 12845788
3839 12845789 12851232
3840 12851233 12853216
3841 12853217 12854730
3842 12854731 12856599
3843 12856600 12857782
3844 12857783 12858972
3845 12858973 12865941
3846 12865942 12869710
3847 12869711 12870745
3848 12870746 12873230
3849 12873231 12875474
3850 12875475 12878709
3851 12878710 12881309
3852 12881310 12911364
3853 12911365 12912473
3854 12912474 12914232
3855 12914233 12919342
3856 12919343 12920605
3857 12920606 12922268
3858 12922269 12924012
3859 12924013 12926436
3860 12926437 12928127
3861 12928128 12929722
3862 12929723 12932372
3863 12932373 12935595
3864 12935596 12940264
3865 12940265 12942061
3866 12942062 12943029
3867 12943030 12944536
3868 12944537 12946603
3869 12946604 12948144
3870 12948145 12949957
3871 12949958 12951258
3872 12951259 12953178
3873 12953179 12954802
3874 12954803 12955675
3875 12955676 12958406
3876 12958407 12960294
3877 12960295 12966454
3878 12966455 12969191
3879 12969192 12970608
3880 12970609 12971827
3881 12971828 12974528
3882 12974529 12975998
3883 12975999 12978328
3884 12978329 12979809
3885 12979810 12981162
3886 12981163 12983367
3887 12983368 12984901
3888 12984902 12986630
3889 12986631 12991827
3890 12991828 12994429
3891 12994430 13000044
3892 13000045 13001733
3893 13001734 13003033
3894 13003034 13006011
3895 13006012 13007627
3896 13007628 13010431
3897 13010432 13011739
3898 13011740 13012614
3899 13012615 13014236
3900 13014237 13018246
3901 13018247 13021497
3902 13021498 13024498
3903 13024499 13027871
3904 13027872 13030598
3905 13030599 13032020
3906 13032021 13033405
3907 13033406 13034304
3908 13034305 13036484
3909 13036485 13038126
3910 13038127 13039231
3911 13039232 13042570
3912 13042571 13045786
3913 13045787 13049568
3914 13049569 13051332
3915 13051333 13056220
3916 13056221 13060099
3917 13060100 13061881
3918 13061882 13063681
3919 13063682 13064665
3920 13064666 13065950
3921 13065951 13066950
3922 13066951 13068121
3923 13068122 13073208
3924 13073209 13075504
3925 13075505 13077374
3926 13077375 13078518
3927 13078519 13079825
3928 13079826 13081078
3929 13081079 13085276
3930 13085277 13086797
3931 13086798 13089501
3932 13089502 13091657
3933 13091658 13092771
3934 13092772 13094620
3935 13094621 13099634
3936 13099635 13101987
3937 13101988 13108587
3938 13108588 13116765
3939 13116766 13120439
3940 13120440 13125436
3941 13125437 13128907
3942 13128908 13130794
3943 13130795 13131796
3944 13131797 13133217
3945 13133218 13134385
3946 13134386 13136494
3947 13136495 13137803
3948 13137804 13139551
3949 13139552 13141363
3950 13141364 13143555
3951 13143556 13145369
3952 13145370 13153036
3953 13153037 13171353
3954 13171354 13175226
3955 13175227 13179631
3956 13179632 13182983
3957 13182984 13186544
3958 13186545 13196997
3959 13196998 13201072
3960 13201073 13202301
3961 13202302 13203193
3962 13203194 13204697
3963 13204698 13205668
3964 13205669 13207647
3965 13207648 13212087
3966 13212088 13213731
3967 13213732 13219981
3968 13219982 13227633
3969 13227634 13229628
3970 13229629 13233639
3971 13233640 13236312
3972 13236313 13241083
3973 13241084 13249841
3974 13249842 13254802
3975 13254803 13262791
3976 13262792 13267590
3977 13267591 13277601
3978 13277602 13279787
3979 13279788 13281398
3980 13281399 13283481
3981 13283482 13285345
3982 13285346 13287782
3983 13287783 13290685
3984 13290686 13293266
3985 13293267 13306582
3986 13306583 13309066
3987 13309067 13311285
3988 13311286 13313800
3989 13313801 13316869
3990 13316870 13318409
3991 13318410 13328524
3992 13328525 13338117
3993 13338118 13342834
3994 13342835 13349849
3995 13349850 13353500
3996 13353501 13356924
3997 13356925 13359786
3998 13359787 13365677
3999 13365678 13368776
4000 13368777 13374618
4001 13374619 13379406
4002 13379407 13393066
4003 13393067 13396906
4004 13396907 13399885
4005 13399886 13401480
4006 13401481 13409574
4007 13409575 13415261
4008 13415262 13427743
4009 13427744 13431574
4010 13431575 13433756
4011 13433757 13439239
4012 13439240 13445090
4013 13445091 13453027
4014 13453028 13463179
4015 13463180 13466773
4016 13466774 13470169
4017 13470170 13472361
4018 13472362 13472594
4019 13472595 13476385
4020 13476386 13478387
4021 13478388 13479860
4022 13479861 13487248
4023 13487249 13488282
4024 13488283 13489242
4025 13489243 13490861
4026 13490862 13494147
4027 13494148 13495988
4028 13495989 13500027
4029 13500028 13502205
4030 13502206 13506234
4031 13506235 13507633
4032 13507634 13512569
4033 13512570 13515185
4034 13515186 13516952
4035 13516953 13518942
4036 13518943 13520441
4037 13520442 13525770
4038 13525771 13527093
4039 13527094 13541708
4040 13541709 13542823
4041 13542824 13544147
4042 13544148 13549401
4043 13549402 13551922
4044 13551923 13555012
4045 13555013 13561905
4046 13561906 13568086
4047 13568087 13577309
4048 13577310 13588921
4049 13588922 13591013
4050 13591014 13597534
4051 13597535 13603326
4052 13603327 13613343
4053 13613344 13621070
4054 13621071 13627067
4055 13627068 13628297
4056 13628298 13633251
4057 13633252 13643244
4058 13643245 13648767
4059 13648768 13651823
4060 13651824 13653820
4061 13653821 13655781
4062 13655782 13658105
4063 13658106 13659932
4064 13659933 13661353
4065 13661354 13662854
4066 13662855 13664408
4067 13664409 13666048
4068 13666049 13669522
4069 13669523 13672086
4070 13672087 13687364
4071 13687365 13690664
4072 13690665 13698645
4073 13698646 13702338
4074 13702339 13705781
4075 13705782 13711944
4076 13711945 13714505
4077 13714506 13718208
4078 13718209 13720974
4079 13720975 13730354
4080 13730355 13731751
4081 13731752 13733696
4082 13733697 13738686
4083 13738687 13740101
4084 13740102 13741812
4085 13741813 13743655
4086 13743656 13746532
4087 13746533 13754708
4088 13754709 13762241
4089 13762242 13765745
4090 13765746 13775503
4091 13775504 13777149
4092 13777150 13778102
4093 13778103 13779770
4094 13779771 13783916
4095 13783917 13787691
4096 13787692 13788729
4097 13788730 13803797
4098 13803798 13807943
4099 13807944 13814458
4100 13814459 13817958
4101 13817959 13821469
4102 13821470 13822686
4103 13822687 13827492
4104 13827493 13828255
4105 13828256 13828755
4106 13828756 13836559
4107 13836560 13839423
4108 13839424 13843065
4109 13843066 13845805
4110 13845806 13847019
4111 13847020 13848013
4112 13848014 13850153
4113 13850154 13861901
4114 13861902 13867203
4115 13867204 13873116
4116 13873117 13874895
4117 13874896 13875854
4118 13875855 13898406
4119 13898407 13899909
4120 13899910 13906543
4121 13906544 13912962
4122 13912963 13922533
4123 13922534 13924165
4124 13924166 13927949
4125 13927950 13930051
