1 0 5142
2 5143 7835
3 12979 5329
4 18309 11016
5 29326 1841
6 31168 7278
7 38447 3699
8 42147 7937
9 50085 487
10 50573 5226
11 55800 2507
12 58308 3076
13 61385 3891
14 65277 761
15 66039 883
16 66923 5684
17 72608 1496
18 74105 2150
19 76256 2630
20 78887 3678
21 82566 3282
22 85849 2092
23 87942 4839
24 92782 10152
25 102935 597
26 103533 3174
27 106708 3465
28 110174 5326
29 115501 3775
30 119277 6260
31 125538 9868
32 135407 2087
33 137495 1643
34 139139 3135
35 142275 5592
36 147868 3674
37 151543 1994
38 153538 4406
39 157945 1376
40 159322 9465
41 168788 4588
42 173377 2591
43 175969 3585
44 179555 1789
45 181345 1495
46 182841 1517
47 184359 4728
48 189088 2903
49 191992 8571
50 200564 7787
51 208352 5318
52 213671 3053
53 216725 7136
54 223862 1195
55 225058 2813
56 227872 2586
57 230459 1954
58 232414 2327
59 234742 536
60 235279 5881
61 241161 527
62 241689 2085
63 243775 6635
64 250411 5892
65 256304 2530
66 258835 3084
67 261920 8951
68 270872 3626
69 274499 3903
70 278403 3044
71 281448 8960
72 290409 4042
73 294452 3389
74 297842 3640
75 301483 1466
76 302950 4484
77 307435 1032
78 308468 1786
79 310255 5606
80 315862 2103
81 317966 1806
82 319773 15864
83 335638 5943
84 341582 2264
85 343847 2628
86 346476 5413
87 351890 3932
88 355823 13779
89 369603 3836
90 373440 1847
91 375288 3629
92 378918 6596
93 385515 2959
94 388475 555
95 389031 4700
96 393732 4566
97 398299 2720
98 401020 4747
99 405768 2168
100 407937 749
101 408687 3691
102 412379 2010
103 414390 3232
104 417623 2871
105 420495 7587
106 428083 414
107 428498 510
108 429009 11276
109 440286 4507
110 444794 3693
111 448488 9042
112 457531 3423
113 460955 2067
114 463023 2017
115 465041 7147
116 472189 6480
117 478670 3706
118 482377 2262
119 484640 14985
120 499626 6430
121 506057 1344
122 507402 1991
123 509394 2953
124 512348 2600
125 514949 2152
126 517102 1604
127 518707 756
128 519464 1406
129 520871 750
130 521622 400
131 522023 4003
132 526027 3078
133 529106 4180
134 533287 7623
135 540911 5453
136 546365 1360
137 547726 1188
138 548915 944
139 549860 1874
140 551735 2423
141 554159 5512
142 559672 8116
143 567789 2486
144 570276 931
145 571208 862
146 572071 1658
147 573730 2254
148 575985 7302
149 583288 1656
150 584945 4784
151 589730 2468
152 592199 3641
153 595841 2708
154 598550 6978
155 605529 2319
156 607849 3038
157 610888 4620
158 615509 2538
159 618048 2900
160 620949 1921
161 622871 1290
162 624162 4753
163 628916 1650
164 630567 1008
165 631576 1618
166 633195 1816
167 635012 4625
168 639638 1689
169 641328 2702
170 644031 9365
171 653397 1893
172 655291 2644
173 657936 9106
174 667043 3567
175 670611 6174
176 676786 3385
177 680172 2972
178 683145 7898
179 691044 1750
180 692795 2217
181 695013 1663
182 696677 979
183 697657 2404
184 700062 1683
185 701746 1785
186 703532 14915
187 718448 7403
188 725852 3159
189 729012 1691
190 730704 1427
191 732132 7704
192 739837 2008
193 741846 2130
194 743977 1800
195 745778 1702
196 747481 2093
197 749575 1173
198 750749 677
199 751427 668
200 752096 691
201 752788 672
202 753461 711
203 754173 689
204 754863 700
205 755564 646
206 756211 641
207 756853 664
208 757518 649
209 758168 727
210 758896 695
211 759592 672
212 760265 641
213 760907 684
214 761592 637
215 762230 669
216 762900 654
217 763555 642
218 764198 662
219 764861 655
220 765517 665
221 766183 659
222 766843 677
223 767521 711
224 768233 694
225 768928 674
226 769603 670
227 770274 689
228 770964 671
229 771636 677
230 772314 709
231 773024 706
232 773731 683
233 774415 707
234 775123 684
235 775808 716
236 776525 672
237 777198 647
238 777846 680
239 778527 660
240 779188 670
241 779859 647
242 780507 674
243 781182 662
244 781845 660
245 782506 662
246 783169 656
247 783826 668
248 784495 710
249 785206 666
250 785873 696
251 786570 676
252 787247 641
253 787889 679
254 788569 672
255 789242 692
256 789935 674
257 790610 711
258 791322 646
259 791969 665
260 792635 697
261 793333 672
262 794006 679
263 794686 671
264 795358 674
265 796033 692
266 796726 711
267 797438 665
268 798104 695
269 798800 660
270 799461 723
271 800185 677
272 800863 652
273 801516 681
274 802198 664
275 802863 675
276 803539 663
277 804203 650
278 804854 663
279 805518 658
280 806177 675
281 806853 659
282 807513 713
283 808227 686
284 808914 667
285 809582 696
286 810279 664
287 810944 667
288 811612 672
289 812285 672
290 812958 670
291 813629 692
292 814322 673
293 814996 710
294 815707 701
295 816409 672
296 817082 648
297 817731 674
298 818406 672
299 819079 691
300 819771 679
301 820451 711
302 821163 670
303 821834 664
304 822499 721
305 823221 663
306 823885 675
307 824561 675
308 825237 650
309 825888 667
310 826556 662
311 827219 666
312 827886 654
313 828541 669
314 829211 663
315 829875 667
316 830543 665
317 831209 681
318 831891 711
319 832603 635
320 833239 693
321 833933 672
322 834606 707
323 835314 693
324 836008 676
325 836685 671
326 837357 722
327 838080 646
328 838727 655
329 839383 694
330 840078 675
331 840754 674
332 841429 682
333 842112 711
334 842824 673
335 843498 691
336 844190 703
337 844894 670
338 845565 680
339 846246 718
340 846965 722
341 847688 670
342 848359 667
343 849027 656
344 849684 660
345 850345 664
346 851010 661
347 851672 693
348 852366 673
349 853040 650
350 853691 652
351 854344 652
352 854997 664
353 855662 663
354 856326 692
355 857019 682
356 857702 703
357 858406 706
358 859113 669
359 859783 694
360 860478 686
361 861165 698
362 861864 682
363 862547 681
364 863229 706
365 863936 662
366 864599 695
367 865295 678
368 865974 706
369 866681 714
370 867396 672
371 868069 695
372 868765 658
373 869424 665
374 870090 660
375 870751 659
376 871411 701
377 872113 658
378 872772 672
379 873445 650
380 874096 641
381 874738 660
382 875399 664
383 876064 649
384 876714 662
385 877377 659
386 878037 677
387 878715 657
388 879373 666
389 880040 702
390 880743 707
391 881451 722
392 882174 696
393 882871 662
394 883534 672
395 884207 693
396 884901 656
397 885558 695
398 886254 652
399 886907 668
400 887576 680
401 888257 665
402 888923 678
403 889602 702
404 890305 662
405 890968 655
406 891624 695
407 892320 665
408 892986 679
409 893666 657
410 894324 702
411 895027 666
412 895694 683
413 896378 668
414 897047 678
415 897726 716
416 898443 711
417 899155 722
418 899878 664
419 900543 736
420 901280 693
421 901974 662
422 902637 667
423 903305 656
424 903962 687
425 904650 646
426 905297 652
427 905950 675
428 906626 655
429 907282 673
430 907956 660
431 908617 687
432 909305 651
433 909957 701
434 910659 685
435 911345 664
436 912010 694
437 912705 660
438 913366 666
439 914033 701
440 914735 688
441 915424 666
442 916091 667
443 916759 679
444 917439 663
445 918103 694
446 918798 660
447 919459 652
448 920112 704
449 920817 671
450 921489 664
451 922154 689
452 922844 679
453 923524 657
454 924182 695
455 924878 734
456 925613 666
457 926280 713
458 926994 712
459 927707 705
460 928413 721
461 929135 724
462 929860 698
463 930559 693
464 931253 694
465 931948 711
466 932660 696
467 933357 681
468 934039 646
469 934686 667
470 935354 667
471 936022 689
472 936712 668
473 937381 676
474 938058 681
475 938740 641
476 939382 670
477 940053 694
478 940748 676
479 941425 707
480 942133 739
481 942873 738
482 943612 733
483 944346 678
484 945025 645
485 945671 654
486 946326 658
487 946985 665
488 947651 639
489 948291 685
490 948977 633
491 949611 643
492 950255 667
493 950923 646
494 951570 682
495 952253 706
496 952960 217
497 953178 680
498 953859 698
499 954558 687
500 955246 670
501 955917 694
502 956612 671
503 957284 681
504 957966 657
505 958624 685
506 959310 692
507 960003 694
508 960698 659
509 961358 724
510 962083 690
511 962774 646
512 963421 671
513 964093 660
514 964754 658
515 965413 655
516 966069 633
517 966703 656
518 967360 650
519 968011 656
520 968668 659
521 969328 654
522 969983 665
523 970649 703
524 971353 667
525 972021 692
526 972714 647
527 973362 675
528 974038 661
529 974700 725
530 975426 703
531 976130 696
532 976827 702
533 977530 667
534 978198 669
535 978868 661
536 979530 683
537 980214 655
538 980870 669
539 981540 667
540 982208 695
541 982904 664
542 983569 687
543 984257 705
544 984963 702
545 985666 680
546 986347 672
547 987020 681
548 987702 667
549 988370 695
550 989066 669
551 989736 677
552 990414 662
553 991077 654
554 991732 649
555 992382 658
556 993041 642
557 993684 658
558 994343 675
559 995019 658
560 995678 654
561 996333 703
562 997037 684
563 997722 666
564 998389 698
565 999088 694
566 999783 668
567 1000452 671
568 1001124 672
569 1001797 699
570 1002497 684
571 1003182 666
572 1003849 691
573 1004541 667
574 1005209 722
575 1005932 681
576 1006614 693
577 1007308 648
578 1007957 653
579 1008611 645
580 1009257 674
581 1009932 674
582 1010607 683
583 1011291 672
584 1011964 655
585 1012620 661
586 1013282 656
587 1013939 648
588 1014588 662
589 1015251 651
590 1015903 671
591 1016575 636
592 1017212 649
593 1017862 664
594 1018527 660
595 1019188 685
596 1019874 690
597 1020565 659
598 1021225 673
599 1021899 652
600 1022552 666
601 1023219 667
602 1023887 645
603 1024533 649
604 1025183 668
605 1025852 666
606 1026519 681
607 1027201 639
608 1027841 666
609 1028508 695
610 1029204 667
611 1029872 667
612 1030540 675
613 1031216 659
614 1031876 647
615 1032524 655
616 1033180 674
617 1033855 677
618 1034533 650
619 1035184 648
620 1035833 699
621 1036533 676
622 1037210 649
623 1037860 647
624 1038508 639
625 1039148 681
626 1039830 718
627 1040549 677
628 1041227 645
629 1041873 652
630 1042526 647
631 1043174 657
632 1043832 635
633 1044468 642
634 1045111 641
635 1045753 668
636 1046422 650
637 1047073 666
638 1047740 633
639 1048374 676
640 1049051 662
641 1049714 2707
642 1052422 728
643 1053151 5964
644 1059116 3340
645 1062457 8957
646 1071415 4015
647 1075431 2055
648 1077487 3436
649 1080924 7600
650 1088525 2646
651 1091172 2743
652 1093916 9674
653 1103591 19279
654 1122871 3122
655 1125994 2759
656 1128754 5382
657 1134137 2267
658 1136405 4273
659 1140679 6548
660 1147228 976
661 1148205 4895
662 1153101 8222
663 1161324 5361
664 1166686 6690
665 1173377 936
666 1174314 3801
667 1178116 2963
668 1181080 3594
669 1184675 2556
670 1187232 3716
671 1190949 4702
672 1195652 9644
673 1205297 9647
674 1214945 11545
675 1226491 2167
676 1228659 4806
677 1233466 3032
678 1236499 1662
679 1238162 5800
680 1243963 2045
681 1246009 1939
682 1247949 8409
683 1256359 8809
684 1265169 2774
685 1267944 4497
686 1272442 3164
687 1275607 1948
688 1277556 10655
689 1288212 6298
690 1294511 5322
691 1299834 1324
692 1301159 1872
693 1303032 3621
694 1306654 3720
695 1310375 2537
696 1312913 7698
697 1320612 7019
698 1327632 6504
699 1334137 8810
700 1342948 3169
701 1346118 2829
702 1348948 1862
703 1350811 7079
704 1357891 3431
705 1361323 2669
706 1363993 1170
707 1365164 11637
708 1376802 10859
709 1387662 9920
710 1397583 6952
711 1404536 8857
712 1413394 2273
713 1415668 506
714 1416175 2787
715 1418963 609
716 1419573 6391
717 1425965 4316
718 1430282 2338
719 1432621 9203
720 1441825 6539
721 1448365 7432
722 1455798 2751
723 1458550 7702
724 1466253 4493
725 1470747 2958
726 1473706 6328
727 1480035 9272
728 1489308 2993
729 1492302 4404
730 1496707 3916
731 1500624 1732
732 1502357 6536
733 1508894 5493
734 1514388 5252
735 1519641 8048
736 1527690 1856
737 1529547 2838
738 1532386 7412
739 1539799 1305
740 1541105 1083
741 1542189 9085
742 1551275 11256
743 1562532 9235
744 1571768 15998
745 1587767 8725
746 1596493 8417
747 1604911 7334
748 1612246 11287
749 1623534 19512
750 1643047 13562
751 1656610 5490
752 1662101 498
753 1662600 832
754 1663433 3202
755 1666636 7348
756 1673985 545
757 1674531 1543
758 1676075 3465
759 1679541 2103
760 1681645 9169
761 1690815 8029
762 1698845 8572
763 1707418 4697
764 1712116 2695
765 1714812 4089
766 1718902 5086
767 1723989 7152
768 1731142 3413
769 1734556 2840
770 1737397 679
771 1738077 1058
772 1739136 1646
773 1740783 6684
774 1747468 1354
775 1748823 11449
776 1760273 6354
777 1766628 4439
778 1771068 25812
779 1796881 3756
780 1800638 5149
781 1805788 8412
782 1814201 9779
783 1823981 4639
784 1828621 6377
785 1834999 9605
786 1844605 12853
787 1857459 4698
788 1862158 10960
789 1873119 6280
790 1879400 5117
791 1884518 1763
792 1886282 3822
793 1890105 4773
794 1894879 3716
795 1898596 10724
796 1909321 9916
797 1919238 6856
798 1926095 6117
799 1932213 6595
800 1938809 5813
801 1944623 3915
802 1948539 3511
803 1952051 3850
804 1955902 3340
805 1959243 12282
806 1971526 12851
807 1984378 4237
808 1988616 2869
809 1991486 5580
810 1997067 15914
811 2012982 4301
812 2017284 725
813 2018010 1210
814 2019221 4418
815 2023640 4392
816 2028033 2097
817 2030131 13046
818 2043178 6715
819 2049894 8842
820 2058737 7755
821 2066493 10706
822 2077200 7013
823 2084214 8956
824 2093171 2350
825 2095522 8172
826 2103695 8304
827 2112000 3905
828 2115906 5765
829 2121672 10274
830 2131947 2555
831 2134503 13752
832 2148256 537
833 2148794 1541
834 2150336 3096
835 2153433 1312
836 2154746 5534
837 2160281 1257
838 2161539 1973
839 2163513 2681
840 2166195 2437
841 2168633 1233
842 2169867 6837
843 2176705 3186
844 2179892 2613
845 2182506 5261
846 2187768 1934
847 2189703 2589
848 2192293 4794
849 2197088 4747
850 2201836 4506
851 2206343 3101
852 2209445 7714
853 2217160 5830
854 2222991 3548
855 2226540 3363
856 2229904 2385
857 2232290 3514
858 2235805 2194
859 2238000 2059
860 2240060 9208
861 2249269 5429
862 2254699 7519
863 2262219 5441
864 2267661 4879
865 2272541 8273
866 2280815 11958
867 2292774 6352
868 2299127 1454
869 2300582 1879
870 2302462 996
871 2303459 5320
872 2308780 2974
873 2311755 692
874 2312448 4212
875 2316661 837
876 2317499 3170
877 2320670 755
878 2321426 942
879 2322369 4250
880 2326620 3692
881 2330313 1297
882 2331611 1829
883 2333441 1170
884 2334612 1658
885 2336271 900
886 2337172 2519
887 2339692 4405
888 2344098 4701
889 2348800 1131
890 2349932 2263
891 2352196 975
892 2353172 1993
893 2355166 914
894 2356081 1214
895 2357296 1504
896 2358801 575
897 2359377 3986
898 2363364 1469
899 2364834 4832
900 2369667 2503
901 2372171 2087
902 2374259 2509
903 2376769 2260
904 2379030 3505
905 2382536 1693
906 2384230 1143
907 2385374 2627
908 2388002 2046
909 2390049 1916
910 2391966 4309
911 2396276 14617
912 2410894 2143
913 2413038 6606
914 2419645 13747
915 2433393 9078
916 2442472 3724
917 2446197 4623
918 2450821 3658
919 2454480 5690
920 2460171 1709
921 2461881 4005
922 2465887 1910
923 2467798 9782
924 2477581 6505
925 2484087 2471
926 2486559 4547
927 2491107 7569
928 2498677 2104
929 2500782 3721
930 2504504 4331
931 2508836 1104
932 2509941 2232
933 2512174 770
934 2512945 3240
935 2516186 775
936 2516962 6227
937 2523190 6369
938 2529560 5747
939 2535308 10746
940 2546055 3804
941 2549860 1550
942 2551411 2135
943 2553547 9574
944 2563122 4322
945 2567445 6395
946 2573841 3034
947 2576876 6108
948 2582985 6089
949 2589075 1703
950 2590779 6476
951 2597256 3268
952 2600525 6712
953 2607238 9036
954 2616275 1403
955 2617679 2921
956 2620601 1755
957 2622357 3349
958 2625707 5975
959 2631683 6751
960 2638435 6265
961 2644701 6358
962 2651060 9702
963 2660763 9740
964 2670504 1168
965 2671673 718
966 2672392 1158
967 2673551 3808
968 2677360 667
969 2678028 5537
970 2683566 1390
971 2684957 2791
972 2687749 2322
973 2690072 5473
974 2695546 12229
975 2707776 2601
976 2710378 25947
977 2736326 3722
978 2740049 4034
979 2744084 12442
980 2756527 4371
981 2760899 3902
982 2764802 14663
983 2779466 12285
984 2791752 3687
985 2795440 1591
986 2797032 9095
987 2806128 1784
988 2807913 701
989 2808615 3231
990 2811847 2849
991 2814697 5807
992 2820505 9621
993 2830127 4054
994 2834182 1110
995 2835293 1764
996 2837058 5500
997 2842559 4609
998 2847169 4548
999 2851718 4406
1000 2856125 1864
1001 2857990 4382
1002 2862373 3675
1003 2866049 6165
1004 2872215 4204
1005 2876420 1117
1006 2877538 746
1007 2878285 8857
1008 2887143 3948
1009 2891092 6984
1010 2898077 1513
1011 2899591 2488
1012 2902080 1099
1013 2903180 1025
1014 2904206 1016
1015 2905223 5339
1016 2910563 10999
1017 2921563 759
1018 2922323 678
1019 2923002 4030
1020 2927033 10094
1021 2937128 1297
1022 2938426 796
1023 2939223 563
1024 2939787 633
1025 2940421 1000
1026 2941422 732
1027 2942155 1765
1028 2943921 12276
1029 2956198 4340
1030 2960539 11205
1031 2971745 3624
1032 2975370 3351
1033 2978722 3702
1034 2982425 6368
1035 2988794 1499
1036 2990294 2696
1037 2992991 2105
1038 2995097 3120
1039 2998218 1614
1040 2999833 8526
1041 3008360 3515
1042 3011876 3402
1043 3015279 1377
1044 3016657 7927
1045 3024585 8211
1046 3032797 8648
1047 3041446 5697
1048 3047144 7430
1049 3054575 7069
1050 3061645 5503
1051 3067149 1806
1052 3068956 6435
1053 3075392 9029
1054 3084422 3875
1055 3088298 4605
1056 3092904 2738
1057 3095643 2403
1058 3098047 3867
1059 3101915 4821
1060 3106737 4273
1061 3111011 3259
1062 3114271 7063
1063 3121335 8578
1064 3129914 8499
1065 3138414 2808
1066 3141223 626
1067 3141850 4201
1068 3146052 8147
1069 3154200 8347
1070 3162548 5419
1071 3167968 2412
1072 3170381 7606
1073 3177988 3454
1074 3181443 2909
1075 3184353 1069
1076 3185423 3064
1077 3188488 10598
1078 3199087 7573
1079 3206661 7626
1080 3214288 1039
1081 3215328 2973
1082 3218302 1804
1083 3220107 8037
1084 3228145 6951
1085 3235097 4066
1086 3239164 1030
1087 3240195 9589
1088 3249785 9640
1089 3259426 2715
1090 3262142 3804
1091 3265947 5700
1092 3271648 14792
1093 3286441 3055
1094 3289497 4465
1095 3293963 7901
1096 3301865 6508
1097 3308374 2517
1098 3310892 3875
1099 3314768 1857
1100 3316626 3396
1101 3320023 5049
1102 3325073 2238
1103 3327312 1104
1104 3328417 1361
1105 3329779 4005
1106 3333785 975
1107 3334761 3495
1108 3338257 3309
1109 3341567 3685
1110 3345253 3286
1111 3348540 2474
1112 3351015 984
1113 3352000 1258
1114 3353259 8075
1115 3361335 7021
1116 3368357 4492
1117 3372850 7306
1118 3380157 1004
1119 3381162 3338
1120 3384501 9079
1121 3393581 2156
1122 3395738 6304
1123 3402043 6295
1124 3408339 1140
1125 3409480 819
1126 3410300 6774
1127 3417075 3591
1128 3420667 2690
1129 3423358 1021
1130 3424380 4335
1131 3428716 3035
1132 3431752 2761
1133 3434514 3760
1134 3438275 2142
1135 3440418 4026
1136 3444445 13155
1137 3457601 2533
1138 3460135 1937
1139 3462073 3641
1140 3465715 3884
1141 3469600 3894
1142 3473495 1915
1143 3475411 5457
1144 3480869 6895
1145 3487765 2527
1146 3490293 4601
1147 3494895 6987
1148 3501883 1522
1149 3503406 2459
1150 3505866 2680
1151 3508547 801
1152 3509349 5380
1153 3514730 276
1154 3515007 857
1155 3515865 3596
1156 3519462 5891
1157 3525354 1257
1158 3526612 1404
1159 3528017 2406
1160 3530424 3796
1161 3534221 4051
1162 3538273 925
1163 3539199 2957
1164 3542157 1159
1165 3543317 1803
1166 3545121 2022
1167 3547144 3146
1168 3550291 7163
1169 3557455 8632
1170 3566088 3986
1171 3570075 4017
1172 3574093 4647
1173 3578741 3918
1174 3582660 4651
1175 3587312 1166
1176 3588479 4225
1177 3592705 2729
1178 3595435 1725
1179 3597161 1087
1180 3598249 4061
1181 3602311 3896
1182 3606208 2910
1183 3609119 1299
1184 3610419 3186
1185 3613606 7712
1186 3621319 19094
1187 3640414 2218
1188 3642633 3805
1189 3646439 1656
1190 3648096 4271
1191 3652368 8875
1192 3661244 3164
1193 3664409 13391
1194 3677801 3765
1195 3681567 6395
1196 3687963 8729
1197 3696693 5788
1198 3702482 2187
1199 3704670 1223
1200 3705894 3885
1201 3709780 1673
1202 3711454 3461
1203 3714916 2827
1204 3717744 6301
1205 3724046 5416
1206 3729463 1795
1207 3731259 6773
1208 3738033 3682
1209 3741716 10455
1210 3752172 4584
1211 3756757 3546
1212 3760304 6473
1213 3766778 9659
1214 3776438 2768
1215 3779207 4578
1216 3783786 8734
1217 3792521 1604
1218 3794126 4830
1219 3798957 1491
1220 3800449 3276
1221 3803726 1215
1222 3804942 1791
1223 3806734 4530
1224 3811265 1088
1225 3812354 4235
1226 3816590 1838
1227 3818429 2160
1228 3820590 4970
1229 3825561 2596
1230 3828158 2614
1231 3830773 374
1232 3831148 1540
1233 3832689 1513
1234 3834203 2202
1235 3836406 1506
1236 3837913 1094
1237 3839008 2680
1238 3841689 1022
1239 3842712 342
1240 3843055 4590
1241 3847646 1297
1242 3848944 906
1243 3849851 3931
1244 3853783 1353
1245 3855137 3141
1246 3858279 2636
1247 3860916 549
1248 3861466 1302
1249 3862769 1251
1250 3864021 2511
1251 3866533 1210
1252 3867744 8156
1253 3875901 603
1254 3876505 1348
1255 3877854 7428
1256 3885283 3882
1257 3889166 3729
1258 3892896 3481
1259 3896378 7023
1260 3903402 4936
1261 3908339 1662
1262 3910002 1584
1263 3911587 2032
1264 3913620 1355
1265 3914976 519
1266 3915496 1368
1267 3916865 2310
1268 3919176 4505
1269 3923682 1551
1270 3925234 11569
1271 3936804 2066
1272 3938871 829
1273 3939701 931
1274 3940633 1072
1275 3941706 1837
1276 3943544 728
1277 3944273 11582
1278 3955856 1795
1279 3957652 2977
1280 3960630 3758
1281 3964389 962
1282 3965352 2222
1283 3967575 1241
1284 3968817 4775
1285 3973593 323
1286 3973917 7068
1287 3980986 1055
1288 3982042 1794
1289 3983837 2579
1290 3986417 1497
1291 3987915 1258
1292 3989174 6684
1293 3995859 3553
1294 3999413 1008
1295 4000422 3548
1296 4003971 1654
1297 4005626 3009
1298 4008636 1321
1299 4009958 510
1300 4010469 777
1301 4011247 4850
1302 4016098 1235
1303 4017334 6460
1304 4023795 2705
1305 4026501 456
1306 4026958 4255
1307 4031214 533
1308 4031748 1499
1309 4033248 2138
1310 4035387 2808
1311 4038196 3188
1312 4041385 1388
1313 4042774 1546
1314 4044321 1148
1315 4045470 1463
1316 4046934 2362
1317 4049297 603
1318 4049901 426
1319 4050328 442
1320 4050771 452
1321 4051224 502
1322 4051727 472
1323 4052200 480
1324 4052681 504
1325 4053186 540
1326 4053727 488
1327 4054216 518
1328 4054735 494
1329 4055230 486
1330 4055717 502
1331 4056220 470
1332 4056691 538
1333 4057230 5681
1334 4062912 2565
1335 4065478 8583
1336 4074062 7418
1337 4081481 2430
1338 4083912 1474
1339 4085387 1656
1340 4087044 2689
1341 4089734 2595
1342 4092330 2268
1343 4094599 3079
1344 4097679 2083
1345 4099763 3001
1346 4102765 6971
1347 4109737 6375
1348 4116113 6879
1349 4122993 6764
1350 4129758 3958
1351 4133717 8117
1352 4141835 7802
1353 4149638 3132
1354 4152771 1815
1355 4154587 2991
1356 4157579 1629
1357 4159209 3039
1358 4162249 3452
1359 4165702 1868
1360 4167571 1541
1361 4169113 4787
1362 4173901 1760
1363 4175662 1534
1364 4177197 2480
1365 4179678 3629
1366 4183308 2079
1367 4185388 1472
1368 4186861 2827
1369 4189689 7831
1370 4197521 3346
1371 4200868 3633
1372 4204502 8888
1373 4213391 3747
1374 4217139 2838
1375 4219978 2215
1376 4222194 3581
1377 4225776 3508
1378 4229285 2080
1379 4231366 1613
1380 4232980 1809
1381 4234790 6375
1382 4241166 3212
1383 4244379 2250
1384 4246630 1875
1385 4248506 3431
1386 4251938 5507
1387 4257446 2020
1388 4259467 4163
1389 4263631 2729
1390 4266361 3772
1391 4270134 1755
1392 4271890 1552
1393 4273443 1555
1394 4274999 1633
1395 4276633 3661
1396 4280295 2748
1397 4283044 3975
1398 4287020 2392
1399 4289413 2406
1400 4291820 2600
1401 4294421 2385
1402 4296807 2547
1403 4299355 23246
1404 4322602 3221
1405 4325824 3621
1406 4329446 6329
1407 4335776 3100
1408 4338877 3308
1409 4342186 3421
1410 4345608 5248
1411 4350857 1623
1412 4352481 2600
1413 4355082 3428
1414 4358511 2461
1415 4360973 1089
1416 4362063 2372
1417 4364436 5090
1418 4369527 4234
1419 4373762 3784
1420 4377547 2648
1421 4380196 5429
1422 4385626 2536
1423 4388163 3778
1424 4391942 1108
1425 4393051 5253
1426 4398305 1445
1427 4399751 1223
1428 4400975 2053
1429 4403029 7450
1430 4410480 3338
1431 4413819 2546
1432 4416366 1965
1433 4418332 1571
1434 4419904 2570
1435 4422475 2017
1436 4424493 3762
1437 4428256 950
1438 4429207 1217
1439 4430425 1934
1440 4432360 1442
1441 4433803 3821
1442 4437625 5728
1443 4443354 2250
1444 4445605 2912
1445 4448518 1514
1446 4450033 5760
1447 4455794 2668
1448 4458463 1297
1449 4459761 1275
1450 4461037 1344
1451 4462382 7965
1452 4470348 1716
1453 4472065 2838
1454 4474904 1252
1455 4476157 1422
1456 4477580 5132
1457 4482713 3051
1458 4485765 1306
1459 4487072 2798
1460 4489871 1453
1461 4491325 933
1462 4492259 2785
1463 4495045 1504
1464 4496550 917
1465 4497468 3010
1466 4500479 1208
1467 4501688 8783
1468 4510472 2612
1469 4513085 1634
1470 4514720 2244
1471 4516965 1998
1472 4518964 6257
1473 4525222 2088
1474 4527311 1576
1475 4528888 3157
1476 4532046 4069
1477 4536116 2693
1478 4538810 2886
1479 4541697 1046
1480 4542744 1428
1481 4544173 5513
1482 4549687 3628
1483 4553316 2090
1484 4555407 5816
1485 4561224 6790
1486 4568015 1216
1487 4569232 1527
1488 4570760 364
1489 4571125 2208
1490 4573334 2955
1491 4576290 1229
1492 4577520 1969
1493 4579490 923
1494 4580414 1877
1495 4582292 2976
1496 4585269 6893
1497 4592163 2670
1498 4594834 1572
1499 4596407 1777
1500 4598185 1712
1501 4599898 967
1502 4600866 8966
1503 4609833 5619
1504 4615453 5677
1505 4621131 5494
1506 4626626 6751
1507 4633378 2082
1508 4635461 19465
1509 4654927 7689
1510 4662617 1828
1511 4664446 1244
1512 4665691 3044
1513 4668736 1866
1514 4670603 2701
1515 4673305 4177
1516 4677483 1421
1517 4678905 603
1518 4679509 6580
1519 4686090 2422
1520 4688513 1837
1521 4690351 3355
1522 4693707 1897
1523 4695605 13763
1524 4709369 548
1525 4709918 1634
1526 4711553 3040
1527 4714594 2377
1528 4716972 2829
1529 4719802 18382
1530 4738185 9670
1531 4747856 2037
1532 4749894 2663
1533 4752558 3205
1534 4755764 9536
1535 4765301 3478
1536 4768780 8396
1537 4777177 2155
1538 4779333 1744
1539 4781078 1069
1540 4782148 1470
1541 4783619 1073
1542 4784693 1386
1543 4786080 5378
1544 4791459 5010
1545 4796470 2169
1546 4798640 1756
1547 4800397 4034
1548 4804432 2337
1549 4806770 2274
1550 4809045 7689
1551 4816735 1322
1552 4818058 1493
1553 4819552 4297
1554 4823850 1281
1555 4825132 1249
1556 4826382 1426
1557 4827809 1703
1558 4829513 5201
1559 4834715 2540
1560 4837256 3193
1561 4840450 10940
1562 4851391 3847
1563 4855239 7049
1564 4862289 1881
1565 4864171 3347
1566 4867519 1934
1567 4869454 12904
1568 4882359 5268
1569 4887628 4693
1570 4892322 1392
1571 4893715 2490
1572 4896206 2337
1573 4898544 2169
1574 4900714 3623
1575 4904338 1397
1576 4905736 11061
1577 4916798 1185
1578 4917984 687
1579 4918672 4775
1580 4923448 2056
1581 4925505 1310
1582 4926816 917
1583 4927734 3131
1584 4930866 1910
1585 4932777 2893
1586 4935671 986
1587 4936658 1334
1588 4937993 1371
1589 4939365 543
1590 4939909 4973
1591 4944883 3258
1592 4948142 2226
1593 4950369 875
1594 4951245 801
1595 4952047 1260
1596 4953308 1606
1597 4954915 783
1598 4955699 1700
1599 4957400 12994
1600 4970395 569
1601 4970965 1857
1602 4972823 2487
1603 4975311 2338
1604 4977650 2703
1605 4980354 1665
1606 4982020 637
1607 4982658 2176
1608 4984835 2212
1609 4987048 2216
1610 4989265 2339
1611 4991605 2151
1612 4993757 497
1613 4994255 2444
1614 4996700 1249
1615 4997950 3117
1616 5001068 1575
1617 5002644 722
1618 5003367 1060
1619 5004428 3766
1620 5008195 2440
1621 5010636 2065
1622 5012702 2535
1623 5015238 3461
1624 5018700 2487
1625 5021188 2542
1626 5023731 20237
1627 5043969 8422
1628 5052392 4395
1629 5056788 4500
1630 5061289 4169
1631 5065459 1547
1632 5067007 4511
1633 5071519 1377
1634 5072897 1195
1635 5074093 1493
1636 5075587 7434
1637 5083022 2205
1638 5085228 18051
1639 5103280 8904
1640 5112185 5701
1641 5117887 4050
1642 5121938 3584
1643 5125523 2078
1644 5127602 16386
1645 5143989 4485
1646 5148475 1178
1647 5149654 1952
1648 5151607 1378
1649 5152986 8177
1650 5161164 5197
1651 5166362 6870
1652 5173233 1934
1653 5175168 8222
1654 5183391 7579
1655 5190971 8523
1656 5199495 4995
1657 5204491 6762
1658 5211254 15117
1659 5226372 7543
1660 5233916 5107
1661 5239024 1384
1662 5240409 1579
1663 5241989 2167
1664 5244157 1361
1665 5245519 843
1666 5246363 6397
1667 5252761 2158
1668 5254920 8273
1669 5263194 4243
1670 5267438 1902
1671 5269341 5263
1672 5274605 5496
1673 5280102 9142
1674 5289245 4718
1675 5293964 9521
1676 5303486 3798
1677 5307285 1088
1678 5308374 1434
1679 5309809 9104
1680 5318914 322
1681 5319237 1754
1682 5320992 795
1683 5321788 1481
1684 5323270 12577
1685 5335848 8059
1686 5343908 4104
1687 5348013 5027
1688 5353041 4489
1689 5357531 8916
1690 5366448 2232
1691 5368681 5390
1692 5374072 2952
1693 5377025 3136
1694 5380162 1707
1695 5381870 8117
1696 5389988 3715
1697 5393704 14179
1698 5407884 3303
1699 5411188 3903
1700 5415092 4338
1701 5419431 11618
1702 5431050 944
1703 5431995 8023
1704 5440019 6291
1705 5446311 807
1706 5447119 5707
1707 5452827 15586
1708 5468414 933
1709 5469348 6090
1710 5475439 684
1711 5476124 5272
1712 5481397 8085
1713 5489483 1466
1714 5490950 4376
1715 5495327 726
1716 5496054 8938
1717 5504993 1379
1718 5506373 8495
1719 5514869 4233
1720 5519103 3228
1721 5522332 12865
1722 5535198 4574
1723 5539773 2379
1724 5542153 2435
1725 5544589 668
1726 5545258 1370
1727 5546629 10088
1728 5556718 21769
1729 5578488 879
1730 5579368 3522
1731 5582891 1430
1732 5584322 1075
1733 5585398 5749
1734 5591148 1220
1735 5592369 894
1736 5593264 10829
1737 5604094 1364
1738 5605459 17713
1739 5623173 9481
1740 5632655 2852
1741 5635508 1328
1742 5636837 4606
1743 5641444 5964
1744 5647409 1055
1745 5648465 825
1746 5649291 2309
1747 5651601 8155
1748 5659757 3262
1749 5663020 1837
1750 5664858 531
1751 5665390 1544
1752 5666935 2283
1753 5669219 3816
1754 5673036 5929
1755 5678966 1326
1756 5680293 3176
1757 5683470 1235
1758 5684706 1309
1759 5686016 1099
1760 5687116 5544
1761 5692661 926
1762 5693588 4371
1763 5697960 344
1764 5698305 8882
1765 5707188 3598
1766 5710787 1601
1767 5712389 1334
1768 5713724 6394
1769 5720119 4047
1770 5724167 1221
1771 5725389 2950
1772 5728340 2664
1773 5731005 1786
1774 5732792 4111
1775 5736904 12823
1776 5749728 1470
1777 5751199 4036
1778 5755236 3575
1779 5758812 1360
1780 5760173 1083
1781 5761257 3966
1782 5765224 6873
1783 5772098 1590
1784 5773689 1524
1785 5775214 1459
1786 5776674 2437
1787 5779112 2164
1788 5781277 1742
1789 5783020 1759
1790 5784780 1150
1791 5785931 1631
1792 5787563 799
1793 5788363 7027
1794 5795391 8134
1795 5803526 1472
1796 5804999 1078
1797 5806078 4674
1798 5810753 2417
1799 5813171 1160
1800 5814332 6440
1801 5820773 1776
1802 5822550 7557
1803 5830108 2171
1804 5832280 6382
1805 5838663 3998
1806 5842662 1386
1807 5844049 8338
1808 5852388 6896
1809 5859285 9533
1810 5868819 3646
1811 5872466 2230
1812 5874697 3384
1813 5878082 4732
1814 5882815 1685
1815 5884501 1982
1816 5886484 3131
1817 5889616 2466
1818 5892083 7802
1819 5899886 2679
1820 5902566 2030
1821 5904597 6233
1822 5910831 4261
1823 5915093 4381
1824 5919475 3850
1825 5923326 6903
1826 5930230 3620
1827 5933851 3300
1828 5937152 4640
1829 5941793 5280
1830 5947074 4459
1831 5951534 3435
1832 5954970 4137
1833 5959108 1155
1834 5960264 7963
1835 5968228 4587
1836 5972816 4405
1837 5977222 4390
1838 5981613 4102
1839 5985716 5578
1840 5991295 7810
1841 5999106 2360
1842 6001467 2143
1843 6003611 2966
1844 6006578 2960
1845 6009539 4630
1846 6014170 5445
1847 6019616 3184
1848 6022801 4104
1849 6026906 5470
1850 6032377 4698
1851 6037076 5132
1852 6042209 2506
1853 6044716 2742
1854 6047459 2982
1855 6050442 8276
1856 6058719 1244
1857 6059964 784
1858 6060749 4164
1859 6064914 3360
1860 6068275 1560
1861 6069836 9965
1862 6079802 3082
1863 6082885 8769
1864 6091655 3949
1865 6095605 5261
1866 6100867 4948
1867 6105816 8600
1868 6114417 4813
1869 6119231 3936
1870 6123168 4696
1871 6127865 4408
1872 6132274 3828
1873 6136103 5841
1874 6141945 7233
1875 6149179 6483
1876 6155663 2589
1877 6158253 3376
1878 6161630 981
1879 6162612 22925
1880 6185538 18589
1881 6204128 2597
1882 6206726 8491
1883 6215218 1662
1884 6216881 2410
1885 6219292 7148
1886 6226441 3353
1887 6229795 11022
1888 6240818 2889
1889 6243708 3527
1890 6247236 3236
1891 6250473 4852
1892 6255326 7281
1893 6262608 6917
1894 6269526 6206
1895 6275733 1088
1896 6276822 2801
1897 6279624 3462
1898 6283087 1062
1899 6284150 2447
1900 6286598 1569
1901 6288168 6356
1902 6294525 13639
1903 6308165 2111
1904 6310277 12965
1905 6323243 6484
1906 6329728 2890
1907 6332619 5046
1908 6337666 1979
1909 6339646 9061
1910 6348708 6576
1911 6355285 2494
1912 6357780 6436
1913 6364217 3150
1914 6367368 5183
1915 6372552 5572
1916 6378125 4708
1917 6382834 5545
1918 6388380 1887
1919 6390268 3873
1920 6394142 6089
1921 6400232 2466
1922 6402699 4444
1923 6407144 981
1924 6408126 798
1925 6408925 4180
1926 6413106 2679
1927 6415786 2968
1928 6418755 1260
1929 6420016 1953
1930 6421970 2326
1931 6424297 2740
1932 6427038 2314
1933 6429353 1301
1934 6430655 4709
1935 6435365 4590
1936 6439956 3587
1937 6443544 3140
1938 6446685 4114
1939 6450800 4513
1940 6455314 2783
1941 6458098 3831
1942 6461930 2318
1943 6464249 1743
1944 6465993 2307
1945 6468301 20493
1946 6488795 3320
1947 6492116 4086
1948 6496203 1927
1949 6498131 8736
1950 6506868 2686
1951 6509555 5323
1952 6514879 5355
1953 6520235 3695
1954 6523931 4176
1955 6528108 5940
1956 6534049 3037
1957 6537087 5470
1958 6542558 1746
1959 6544305 2629
1960 6546935 5040
1961 6551976 4797
1962 6556774 3320
1963 6560095 5428
1964 6565524 5499
1965 6571024 4280
1966 6575305 2546
1967 6577852 4414
1968 6582267 7404
1969 6589672 4733
1970 6594406 910
1971 6595317 801
1972 6596119 2242
1973 6598362 1787
1974 6600150 939
1975 6601090 1847
1976 6602938 12143
1977 6615082 4443
1978 6619526 6896
1979 6626423 9985
1980 6636409 1124
1981 6637534 9951
1982 6647486 3388
1983 6650875 1410
1984 6652286 3524
1985 6655811 5374
1986 6661186 4668
1987 6665855 5549
1988 6671405 2587
1989 6673993 5264
1990 6679258 1322
1991 6680581 9381
1992 6689963 3294
1993 6693258 1555
1994 6694814 3321
1995 6698136 1889
1996 6700026 3284
1997 6703311 5118
1998 6708430 2133
1999 6710564 5839
2000 6716404 2309
2001 6718714 4224
2002 6722939 4925
2003 6727865 2012
2004 6729878 3132
2005 6733011 6335
